2 0.5928002375533526 0.2891418880886498 0.23115558985279963 0.2083170572916666
2 0.007756942510604858 0.057675509982638894 0.015513885021209716 0.10823304918077258
2 0.008858314901590347 0.06515178680419922 0.017716629803180693 0.08422565460205078
2 0.8525236593059937 0.20049071153172096 0.1529968454258676 0.33368384157027686
0 0.7129337539432177 0.6211005958640028 0.08201892744479494 0.21591307395723797
0 0.9069400630914825 0.431826147914476 0.16719242902208195 0.08412197686645641
0 0.2949526813880126 0.6295127935506484 0.08517350157728706 0.2159130739572381
0 0.19164037854889585 0.6491412548194885 0.08990536277602505 0.23273746933052927
2 0.15220820189274448 0.32807570977917977 0.20977917981072558 0.19067648089730105
1 0.47476340694006297 0.5967402733964248 0.23028391167192425 0.8065194532071502
