1 0.5364457607269287 0.45100758870442703 0.12304210662841797 0.4756232367621528
1 0.35126566886901855 0.5870887332492404 0.22622642517089844 0.8174944559733074
2 0.7954803943634033 0.8454666137695312 0.1547450065612793 0.26913892957899305
0 0.17265268564224243 0.6061156378851996 0.12387692928314209 0.20621829562717015
1 0.717476224899292 0.3702674971686469 0.08474178314208984 0.23968418969048394
2 0.8192589759826661 0.6622912089029946 0.07728500366210937 0.1665045844184028
1 0.6196955680847167 0.32471049626668297 0.045320892333984376 0.33637917836507164
1 0.16397449970245362 0.1469924502902561 0.04968373775482178 0.14405975341796876
0 0.6971608832807571 0.5313704872064494 0.07886435331230274 0.07570977917981075
0 0.14116719242902206 0.750087627059236 0.09305993690851734 0.1093585699263933
