2 0.7985424041748047 0.8387051900227865 0.15551795959472656 0.2542470296223958
1 0.61922607421875 0.6588756137424044 0.18424701690673828 0.674111090766059
1 0.36837239265441896 0.5994933234320747 0.19773006439208984 0.7948571099175348
1 0.6230337619781493 0.277436892191569 0.04210052490234375 0.2588031768798828
2 0.8176589012145996 0.6626610649956597 0.07646255493164063 0.1679812961154514
1 0.9655232429504395 0.42682618035210496 0.06216373443603516 0.32272288004557287
0 0.5232305526733398 0.3742346975538466 0.07837276458740235 0.10447300804985896
2 0.3204993724822998 0.33123868306477866 0.060901641845703125 0.10483729044596353
0 0.13958990536277602 0.76130389064143 0.09936908517350158 0.11496670171749031
2 0.5425867507886436 0.23834560112162634 0.056782334384857976 0.0560813179109709
