2 0.7979671478271484 0.838358391655816 0.15394001007080077 0.2511993408203125
1 0.6125395774841309 0.6330515543619792 0.17066917419433594 0.7288706461588542
1 0.30310350060462954 0.60109617445204 0.20759629011154174 0.7504425048828125
1 0.4167957425117493 0.5655501577589247 0.07241342067718506 0.6584636900160048
2 0.3331249237060547 0.3350610097249349 0.07225379943847657 0.12629369099934895
1 0.7389301300048828 0.24829644097222223 0.047677803039550784 0.20021523369683158
2 0.8174494743347168 0.6608344184027777 0.07798023223876953 0.16602325439453125
1 0.6626601219177246 0.23693411085340713 0.03915538787841797 0.16229968600802952
1 0.38280837535858153 0.9207105848524306 0.18659119606018065 0.14731987847222222
0 0.5228801727294922 0.3828236050075955 0.07981452941894532 0.11217753092447919
2 0.5393225669860839 0.24723455641004777 0.054300880432128905 0.09735387166341146
0 0.13958990536277605 0.7528916929547844 0.08675078864353311 0.08692604276200484
