2 0.7937474727630616 0.8432876586914062 0.15296812057495118 0.267840576171875
1 0.5136573314666748 0.433521482679579 0.0957991600036621 0.4560857984754774
1 0.31181640625 0.6004038916693792 0.17484302520751954 0.7755109151204427
1 0.3890085697174072 0.3473493787977431 0.09438514709472656 0.3883907741970486
0 0.17129111289978027 0.6030937194824219 0.12062759399414062 0.20358818901909723
1 0.7318456649780274 0.366544681125217 0.07316532135009765 0.24410213894314237
2 0.8195219039916992 0.6601489596896701 0.07827205657958984 0.17098829481336802
2 0.5844242095947265 0.19990162319607208 0.057431602478027345 0.08991012573242188
1 0.7325718879699707 0.42001092698838977 0.07265720367431641 0.3516937255859375
2 0.45199060440063477 0.28551481035020615 0.052972030639648435 0.10833964877658421
1 0.16441988945007324 0.14665622711181642 0.05096094608306885 0.1431083255343967
0 0.1498422712933754 0.7542937259025586 0.0694006309148265 0.09533824044865057
0 0.6884858044164038 0.5159481247809324 0.06151419558359606 0.07290571328426225
