2 0.8012642145156861 0.839254167344835 0.16005091667175292 0.25239800347222224
1 0.31265878677368164 0.6105726453993056 0.18955135345458984 0.7788547092013889
1 0.6381420135498047 0.5973726166619194 0.15274887084960936 0.686878776550293
1 0.6472686290740967 0.2098017745547824 0.046733665466308597 0.14952334298027886
2 0.8199004173278809 0.6622951083713108 0.08072586059570312 0.16941969129774306
2 0.43584113121032714 0.28574564192030166 0.07306785583496093 0.11087972852918837
1 0.7060316562652588 0.1854937871297201 0.03392581939697266 0.17095358106825087
2 0.5408052444458007 0.24615770975748696 0.055427932739257814 0.09599664476182726
0 0.44952681388012633 0.4248159831756047 0.0410094637223974 0.03084472485103391
0 0.5378548895899053 0.3631265334735366 0.04100946372239747 0.05888538380651944
0 0.12854889589905366 0.745881528215913 0.10567823343848584 0.10655450403084472
0 0.6561514195583596 0.7542937259025588 0.06309148264984224 0.08412197686645641
