2 0.8009807586669921 0.8395884195963542 0.14837570190429689 0.2671759711371528
1 0.2973833501338959 0.644353273179796 0.2605826497077942 0.6970697191026476
1 0.6005338191986084 0.8158623589409721 0.2549139976501465 0.36724802652994787
1 0.6131390571594239 0.3325922648111979 0.05766010284423828 0.34933174981011283
2 0.43487910032272337 0.28534189860026044 0.07143633365631104 0.10869115193684896
2 0.8189459085464478 0.6601205613878038 0.07638583183288575 0.1684022691514757
0 0.5239000797271729 0.3701308250427246 0.0766221046447754 0.09626483917236328
2 0.5369301795959472 0.24584693908691407 0.05578060150146484 0.09910329182942706
1 0.38123488426208496 0.3555474175347222 0.07284011840820312 0.2506000094943576
1 0.6995691299438477 0.18408357832166886 0.043354034423828125 0.16788758171929252
0 0.47160883280757093 0.4262180161233789 0.059936908517350174 0.09533824044865057
0 0.13249211356466875 0.745881528215913 0.08201892744479494 0.10655450403084472
