2 0.7927375793457031 0.8413379245334202 0.13994121551513672 0.25914577907986114
1 0.6485366821289062 0.479181883070204 0.10363178253173828 0.4869304233127171
1 0.5467390060424805 0.45923419528537324 0.07294902801513672 0.4866512722439236
2 0.8175707817077636 0.6604829576280382 0.07915115356445312 0.16430155436197913
1 0.37907137870788576 0.3413974232143826 0.10736083984375 0.369436158074273
1 0.4329171061515808 0.9409304300944011 0.17353956699371337 0.11161990695529514
1 0.733609962463379 0.24974848429361982 0.05391426086425781 0.20380935668945313
1 0.1670145273208618 0.14619386461046008 0.052556610107421874 0.13880911933051215
2 0.44832625389099123 0.28432695600721575 0.053403472900390624 0.10309410095214844
2 0.3123155117034912 0.32776239183213973 0.050133895874023435 0.08919033474392361
0 0.677180290222168 0.7852099948459201 0.1612926483154297 0.18298780653211805
0 0.7006880760192871 0.7904803805881077 0.12208194732666015 0.1928337944878472
1 0.37617011070251466 0.5096580929226345 0.1119873046875 0.6999602423773872
0 0.6616975784301757 0.7666346232096355 0.13052215576171874 0.1440765380859375
1 0.6173844337463378 0.27445767720540365 0.041425323486328124 0.28553042941623263
2 0.4856097221374512 0.2156742943657769 0.04616565704345703 0.07949566311306423
1 0.7374519348144531 0.31608026292588975 0.05276565551757813 0.36033172607421876
0 0.14037854889589904 0.7416754293725902 0.09148264984227131 0.12057483350858746
