2 0.7995935440063476 0.8382108900282118 0.1574239730834961 0.25256551106770836
1 0.6112878799438477 0.6363989935980903 0.18226184844970703 0.6846910264756945
1 0.30824079513549807 0.6081209818522135 0.16826019287109376 0.777260504828559
2 0.33296995162963866 0.32876345316569017 0.07248640060424805 0.12216033935546874
1 0.42537325620651245 0.5140542772081163 0.08365042209625244 0.5435475667317708
1 0.6306183338165283 0.2301031960381402 0.04585905075073242 0.16285633511013453
2 0.8152764320373536 0.6607376098632812 0.07781963348388672 0.16624942355685765
0 0.12472029030323029 0.756580458747016 0.1448147714138031 0.18702150980631513
2 0.4859007835388184 0.21547622680664064 0.043428230285644534 0.0808659871419271
2 0.5759880065917968 0.1878765530056424 0.042217159271240236 0.07263149685329862
2 0.5407208442687989 0.2469400617811415 0.055093002319335935 0.09337505764431424
0 0.5331230283911672 0.3589204346302138 0.06309148264984238 0.0672975814931651
0 0.4802839116719243 0.42060988433228175 0.03312302839116725 0.061689449702068015
