2 0.7980309009552002 0.839829847547743 0.15104131698608397 0.2568088107638889
1 0.5417896270751953 0.480048836602105 0.12468433380126953 0.5311800638834635
1 0.4595076084136963 0.9412085639105903 0.17745037078857423 0.11349860297309028
1 0.41143221855163575 0.4839040968153212 0.13638629913330078 0.6453279283311631
1 0.6451594352722168 0.4801484849717882 0.0994302749633789 0.49457533094618056
1 0.1673157334327698 0.14819226264953614 0.051607942581176756 0.13898390663994684
2 0.8169824838638305 0.6625389099121094 0.07801852226257325 0.165478515625
1 0.6196572303771972 0.23619186083475746 0.042390060424804685 0.21110728581746419
1 0.7385087966918945 0.2469249725341797 0.0443939208984375 0.20290713840060765
0 0.7004781723022461 0.7922434488932291 0.11405887603759765 0.19635789659288194
0 0.6752567291259766 0.7909123738606771 0.15947723388671875 0.19335157606336806
0 0.13958990536277602 0.7416754293725902 0.09621451104100945 0.12618296529968462
