2 0.7965217590332031 0.8410597907172308 0.15604629516601562 0.2649049546983507
1 0.6214517593383789 0.3309230274624295 0.05008277893066406 0.36388653649224173
1 0.4150664210319519 0.6058855692545574 0.1806377649307251 0.7858657836914062
0 0.6474437236785888 0.7712760077582466 0.12301950454711914 0.17380845811631945
2 0.8171114921569824 0.6631414625379773 0.07440681457519531 0.17123853895399305
1 0.34719276428222656 0.37179781595865885 0.07688589096069336 0.2849744160970052
1 0.700310230255127 0.1857506169213189 0.04254016876220703 0.1711987919277615
2 0.4839041233062744 0.2357966317070855 0.04831533432006836 0.11732020907931857
1 0.421632719039917 0.8578367445203994 0.19440031051635742 0.28083597819010414
2 0.31099729537963866 0.34229101604885526 0.04631748199462891 0.09804193708631727
2 0.5764324188232421 0.18761461046006944 0.04406681060791016 0.06800719367133247
0 0.6924290220820188 0.5159481247809323 0.056782334384858045 0.10094637223974764
0 0.5386435331230284 0.3673326323168595 0.04889589905362776 0.07851384507535926
0 0.14668769716088328 0.7528916929547844 0.07886435331230285 0.12618296529968462
