2 0.7980276107788086 0.838052029079861 0.14203052520751952 0.25073377821180554
1 0.44789395332336424 0.595603519015842 0.13717365264892578 0.791139899359809
1 0.6278158187866211 0.6182955847846138 0.15935945510864258 0.7115832010904949
2 0.818576455116272 0.6621283213297525 0.07860026359558106 0.1681833055284288
0 0.7063717842102051 0.8004757351345486 0.08417530059814453 0.18832838270399305
1 0.16442948579788208 0.14578506151835124 0.053894877433776855 0.141707091861301
2 0.5383111476898194 0.2484310574001736 0.054368019104003906 0.09013824462890625
2 0.31184051036834715 0.3335867140028212 0.0511284351348877 0.09681820339626736
0 0.12933753943217666 0.7486855941114615 0.09779179810725554 0.10094637223974771
0 0.5410094637223974 0.3645285664213109 0.0410094637223974 0.061689449702067946
