2 0.7980584621429443 0.8402843899197049 0.15851945877075196 0.24914652506510418
1 0.3038774490356445 0.6061995612250434 0.19379539489746095 0.7876008775499131
1 0.5889238834381103 0.6245428297254775 0.2209151268005371 0.7509143405490452
2 0.4361583232879639 0.2860872056749132 0.07182350158691406 0.11141984727647569
1 0.6166811943054199 0.23475032382541236 0.04065513610839844 0.17693430582682293
2 0.8187776803970337 0.6634093814425998 0.07795405387878418 0.1742876688639323
1 0.37935481071472166 0.37444000244140624 0.06943902969360352 0.27615271674262154
0 0.14747634069400634 0.7627059235892044 0.0772870662460568 0.10094637223974758
0 0.45268138801261826 0.4304241149667017 0.053627760252365916 0.0644935155976166
2 0.5378548895899053 0.24255169996494919 0.06624605678233436 0.0701016473887136
