2 0.8021105766296387 0.8387398613823784 0.16308040618896485 0.25728098551432294
1 0.6673399925231933 0.6039188808865018 0.17825927734375 0.7448789808485243
1 0.32860898971557617 0.6107046339246962 0.14690790176391602 0.7785907321506076
1 0.4057396411895752 0.4997346772087945 0.07000875473022461 0.5365266376071506
1 0.3001360952854156 0.6095423380533854 0.21423453092575073 0.7761762830946181
2 0.8216382980346679 0.664426040649414 0.08717365264892578 0.16314129299587674
0 0.6541471958160401 0.7733951144748263 0.10663003921508789 0.1476470947265625
2 0.34135825634002687 0.32101872762044276 0.05477232933044433 0.09468578762478298
1 0.6190176010131835 0.2517702791425917 0.042878246307373045 0.2160308731926812
1 0.7017693519592285 0.18466697269015842 0.0404454231262207 0.1687662760416667
1 0.763280725479126 0.24150750901963974 0.04697113037109375 0.15610563490125867
2 0.4524204254150391 0.2815750969780816 0.048781204223632815 0.10374543931749132
0 0.13958990536277602 0.76130389064143 0.08044164037854888 0.1093585699263933
0 0.45662460567823354 0.43463021381002437 0.03627760252365939 0.056081317910970936
0 0.5386435331230284 0.3617245005257624 0.0425867507886435 0.04486505432877671
2 0.5386435331230284 0.23694356817385206 0.0709779179810726 0.07010164738871363
