1 0.5184965610504151 0.43187858793470596 0.09332551956176757 0.46126910315619574
2 0.796532154083252 0.844999016655816 0.15680255889892578 0.265067376030816
1 0.33278799057006836 0.5858593410915799 0.1709768295288086 0.7472669813368056
0 0.17221640348434447 0.60573484632704 0.1202646017074585 0.2084011501736111
1 0.6948201656341553 0.3758700158860948 0.09909563064575196 0.2567087597317166
2 0.8213958501815796 0.6625416225857205 0.0833549976348877 0.16896769205729167
1 0.42505154609680174 0.4681832631429036 0.09474563598632812 0.6308770921495226
1 0.6046394348144531 0.33208185831705733 0.0747300148010254 0.33536860148111974
1 0.16037776470184326 0.14674203660753038 0.0458512544631958 0.1382828606499566
1 0.6176753997802734 0.3372978634304471 0.04468812942504883 0.3450906541612413
1 0.4246803283691406 0.33597724702623155 0.09692487716674805 0.3731706619262695
0 0.1474763406940063 0.7556957588503331 0.0867507886435331 0.08131791097090783
