2 0.7959895610809327 0.8444014655219183 0.1508967399597168 0.26521386040581596
1 0.44278316497802733 0.46497905519273547 0.12387447357177735 0.6144103791978625
0 0.17052699327468873 0.6061887953016493 0.11794660091400147 0.20909084743923612
2 0.338646388053894 0.3278491550021701 0.06060571670532226 0.10980394151475695
1 0.31342434883117676 0.6008304595947266 0.17114601135253907 0.744030507405599
1 0.7134755611419678 0.42808879216512047 0.08989849090576171 0.3610816319783529
1 0.5201386928558349 0.43575117323133683 0.09223098754882812 0.47837609185112845
1 0.6242807388305665 0.31587649451361766 0.05023193359375 0.3138615502251519
2 0.8218329429626465 0.6641226026746962 0.0845367431640625 0.15694664849175347
2 0.5782302856445313 0.19476064046223962 0.045543861389160153 0.07574106852213541
1 0.7134635925292969 0.3711294809977214 0.08991546630859375 0.24767227172851564
1 0.750790786743164 0.27136255900065104 0.04834480285644531 0.2270565456814236
0 0.14353312302839114 0.7584998247458814 0.08517350157728705 0.08692604276200494
