2 0.793641471862793 0.8446350945366754 0.14667282104492188 0.2684049818250868
1 0.3164661884307861 0.6031093597412109 0.1694573402404785 0.7482358296712239
0 0.17117717266082763 0.6095302157931858 0.11825156211853027 0.21270311143663195
1 0.4462593078613281 0.470908440483941 0.1066659927368164 0.6201968722873263
1 0.526352834701538 0.4345269097222223 0.07273149490356445 0.4713314480251736
1 0.6998563766479492 0.3703758663601346 0.09249353408813477 0.2694674173990885
2 0.33657035827636717 0.32480506896972655 0.06445279121398925 0.11347859700520833
2 0.8178561210632325 0.6627729203965929 0.07887420654296876 0.1687261793348524
1 0.6290119171142579 0.3083198547363281 0.041076946258544925 0.30291739569769965
2 0.5787596702575682 0.19252874586317273 0.04219064712524414 0.06876864963107639
0 0.14274447949526814 0.7599018576936558 0.06466876971608833 0.10094637223974758
