2 0.802157974243164 0.838716549343533 0.15881309509277344 0.24705607096354168
1 0.321476149559021 0.6069446139865451 0.17700953483581544 0.7861107720269096
1 0.6456127166748047 0.6413383060031467 0.2233510971069336 0.6659383985731337
1 0.6058741569519043 0.9440844217936197 0.17446184158325195 0.11183115641276041
2 0.821551513671875 0.6632371690538195 0.08430862426757812 0.1742852105034722
1 0.6643119335174561 0.25594938066270617 0.06216707229614258 0.21261719597710502
2 0.435670280456543 0.2861492368910048 0.07009620666503906 0.11154238382975262
1 0.3855693817138672 0.35854551527235246 0.073681640625 0.26208292643229164
0 0.5238409996032715 0.37496147155761717 0.07923269271850586 0.09902767605251736
2 0.5389991760253906 0.24659055074055988 0.053530120849609376 0.09522577921549479
0 0.13012618296529968 0.7374693305292674 0.10883280757097794 0.11216263582194187
0 0.46608832807570977 0.41780581843673326 0.05520504731861195 0.07851384507535926
