1 0.8010028839111328 0.517435285780165 0.13010025024414062 0.5365258110894098
1 0.5329737347383228 0.6708832634819879 0.18568388580899878 0.6529230753580731
0 0.9055057525634765 0.544427490234375 0.08727607727050782 0.10871649848090278
2 0.8951770782470703 0.39792772928873704 0.05912094116210938 0.11287061903211805
1 0.9688838958740235 0.375538084242079 0.06204967498779297 0.3017555236816406
1 0.9678402900695801 0.5021483951144748 0.06393222808837891 0.5569563971625434
2 0.17835127653007615 0.6228241926822335 0.20322249319275104 0.2307375806613921
2 0.7577126026153564 0.4116814083523221 0.06619081497192383 0.10574425591362849
0 0.3729527063174202 0.7966712938289326 0.11504181424149967 0.21919515979444582
0 0.7036223658251834 0.6770761761964519 0.13541569875241832 0.18060273639452998
0 0.4755520504731861 0.7542937259025586 0.09305993690851729 0.22993340343498075
