1 0.3647526979446411 0.5813056945800781 0.1836249828338623 0.8182574801974826
2 0.7983959197998047 0.8425199720594618 0.1560802459716797 0.26446397569444446
2 0.3309890747070313 0.3281097412109375 0.07714805603027344 0.11501354641384548
1 0.5053948879241943 0.42870729234483507 0.1002242088317871 0.45845777723524306
0 0.17615694999694825 0.6007065667046442 0.12380685806274414 0.20192464192708337
1 0.7158970832824707 0.3614364200168185 0.08878288269042969 0.266375478108724
2 0.8205033302307129 0.6637937757703993 0.08232326507568359 0.1708957248263889
1 0.6285117149353028 0.3260368347167969 0.042276859283447266 0.34702114529079864
2 0.5829949378967286 0.22957221137152778 0.054904842376708986 0.1061264885796441
0 0.14195583596214512 0.7430774623203646 0.0883280757097792 0.12337889940413603
