1 0.8330858469009399 0.6127635108100042 0.20170321464538574 0.7573773701985677
1 0.26288270950317383 0.15580145517985028 0.07358708381652831 0.1465911865234375
2 0.748882767680316 0.4114660231640076 0.08592382154254113 0.11940983967157665
1 0.054874056577682497 0.314825439453125 0.08032933473587037 0.1922393798828125
0 0.7057712554931641 0.6428266737196179 0.11530570983886719 0.16137237548828126
0 0.3824107134003745 0.7878748066417802 0.13998437454271795 0.20260189014946892
1 0.9766574382781983 0.49832196765475806 0.04668512344360352 0.562889756096734
1 0.517666218935127 0.6887411602246232 0.20396684923382613 0.621111606473552
2 0.186876118183136 0.603606202867296 0.19698779582977294 0.2508988274468316
0 0.49755408771406584 0.7926520670166439 0.1061829208951645 0.1384858691312114
