2 0.8012858390808105 0.8412120395236545 0.1565776824951172 0.2612275865342882
1 0.574616527557373 0.6070908440483941 0.16503334045410156 0.7717686971028646
1 0.6181956768035888 0.23246023390028214 0.04236116409301758 0.20095587836371528
1 0.38066508769989016 0.3374520619710286 0.1089097499847412 0.3498398674858941
2 0.8167937278747559 0.6624315049913194 0.078839111328125 0.16457265218098957
2 0.44658236503601073 0.2843248791164822 0.05516748428344727 0.10323617723253038
1 0.16848429441452026 0.14750235345628526 0.050990748405456546 0.13654283947414822
2 0.5778425216674805 0.1890249464246962 0.04510202407836914 0.06855587429470486
2 0.3125646114349365 0.33754183451334635 0.04749002456665039 0.08746863471137153
0 0.7103571891784668 0.7872326321072048 0.09728660583496093 0.19769761827256943
2 0.4857025623321533 0.21764630211724176 0.045758819580078124 0.0829536861843533
0 0.6456077575683594 0.756227789984809 0.10753889083862304 0.1342495388454861
0 0.14274447949526814 0.7542937259025586 0.0804416403785489 0.12337889940413603
