1 0.5905300140380859 0.44087794621785475 0.10188617706298828 0.45388897789849175
2 0.7882369995117188 0.8391838073730469 0.13106441497802734 0.2636771308051215
1 0.37438254356384276 0.5828124576144749 0.14014873504638672 0.8343750847710504
2 0.8150604009628296 0.6615579393174913 0.07489323616027832 0.160125732421875
1 0.6415632247924805 0.2982902314927843 0.0445465087890625 0.32948646545410154
2 0.44377570152282714 0.28472815619574654 0.05857629776000976 0.10836062961154515
1 0.16770894527435304 0.14718867407904732 0.05132160186767578 0.135049311319987
0 0.5243619918823242 0.3847376505533855 0.07976226806640625 0.1069106207953559
2 0.3107808589935303 0.3304963005913628 0.044083023071289064 0.08318973117404514
2 0.5763120651245118 0.18971608479817706 0.03879108428955078 0.07105450100368924
2 0.48352880477905275 0.21503961351182724 0.049650955200195315 0.08102353413899738
0 0.1443217665615142 0.7641079565369787 0.09305993690851735 0.10375043813529615
