2 0.7985419273376465 0.8394271850585937 0.1598054885864258 0.25621236165364586
1 0.5162310123443603 0.6796739154391819 0.19850263595581055 0.6336514366997613
1 0.4973562240600586 0.3750337388780382 0.14230289459228515 0.40690205891927084
1 0.6233974456787109 0.33289786444769964 0.050847339630126956 0.36381751166449655
1 0.379102087020874 0.5103718333774142 0.11476459503173828 0.5662307527330187
2 0.43238525390625 0.2850552241007487 0.07191600799560546 0.11018859015570745
2 0.8181493997573852 0.663230472140842 0.07581210136413574 0.16812388102213538
2 0.5774577140808106 0.18796522352430553 0.0457514762878418 0.06715248955620659
2 0.32078444957733154 0.3303551567925347 0.05762767791748047 0.12121056450737847
1 0.7023331165313721 0.1845071580674913 0.03842372894287109 0.16915071275499133
0 0.12933753943217666 0.7374693305292674 0.11041009463722398 0.12337889940413603
0 0.37539432176656157 0.5061338941465123 0.05362776025236595 0.0701016473887136
