2 0.7940963745117188 0.8437828911675347 0.14139385223388673 0.26556396484375
1 0.346520209312439 0.6063560909695096 0.1424712657928467 0.7844552781846788
1 0.5969123363494873 0.39928834703233507 0.09375524520874023 0.41711883544921874
2 0.8145550727844239 0.6588199615478516 0.07159919738769531 0.1614241706000434
1 0.7334065914154053 0.36458494398328994 0.07880277633666992 0.26311815049913195
2 0.4442584991455078 0.2845823711819119 0.06059246063232422 0.103166749742296
1 0.16991925239562988 0.14886620839436848 0.04609127044677734 0.1376424577501085
1 0.39170098304748535 0.2853249020046658 0.0699930191040039 0.2610449049207899
2 0.5360265254974366 0.2466696209377713 0.06475095748901367 0.09867375691731771
0 0.5249408721923828 0.3821500142415365 0.07520027160644531 0.10187225341796875
0 0.1435331230283912 0.7486855941114615 0.07886435331230283 0.12337889940413603
