1 0.3175320625305176 0.6049240112304688 0.20203113555908203 0.7837249755859375
2 0.7904292106628418 0.8392191569010418 0.1411733627319336 0.2632232666015625
1 0.5520123481750489 0.4487599266899957 0.08851242065429688 0.46274456448025175
1 0.38831725120544436 0.3375762515597873 0.08513727188110351 0.3530586242675781
1 0.7371397972106933 0.3656556447347005 0.06468734741210938 0.26117935180664065
2 0.8170743703842163 0.6625407324896919 0.076420259475708 0.168951670328776
2 0.44608516693115235 0.2857945336235894 0.057168197631835935 0.1059907701280382
1 0.6226219177246094 0.32701755099826385 0.03787994384765625 0.3393483479817709
1 0.1699903964996338 0.1504355059729682 0.048521685600280764 0.1320996708340115
0 0.14984227129337538 0.745881528215913 0.05993690851735014 0.11777076761303902
