1 0.5670003890991211 0.6804772271050347 0.18502025604248046 0.6194546169704861
1 0.27198326587677 0.14395915137396917 0.07605328559875488 0.16231507195366754
2 0.5092820167541504 0.47820421854654943 0.08009357452392578 0.17893905639648439
2 0.17178674562120275 0.6323392285742426 0.20160479855838256 0.23880307972744666
1 0.9704359054565423 0.47803149315252097 0.05912818908691411 0.491760372304933
2 0.7684818710062408 0.4253104739718968 0.09246300959060585 0.16515986124674473
0 0.9100946372239747 0.5664213109008062 0.0914826498422714 0.1402032947774272
0 0.7082018927444795 0.6196985629162285 0.085173501577287 0.11777076761303888
0 0.36987381703470024 0.8187872415001752 0.12145110410094617 0.14020329477742693
0 0.4652996845425868 0.7949526813880127 0.11041009463722397 0.1822642832106554
