1 0.8140591621398926 0.5900831434461806 0.1080129623413086 0.718733384874132
1 0.5495289325714111 0.6724633110894098 0.16879606246948242 0.6409335666232638
1 0.9651129245758057 0.5055107964409723 0.06977415084838867 0.606388176812066
0 0.8991666793823242 0.534211434258355 0.08511962890625 0.09690992567274305
1 0.6331445693969726 0.09759517510732013 0.04986286163330078 0.14024115138583712
2 0.02016000747680664 0.3755351490444607 0.040149462223052976 0.12035931481255427
0 0.713140344619751 0.6474822150336372 0.1387709617614746 0.1462792290581597
2 0.16745584830876784 0.6167483652344176 0.20690722691147864 0.23885753001825813
0 0.3651419558359621 0.8257974062390465 0.11198738170346996 0.19908867858394685
2 0.7350157728706624 0.40799158780231337 0.06309148264984231 0.14861549246407293
