1 0.5646151065826416 0.6795465257432726 0.18203420639038087 0.6224451700846354
1 0.9184305191040039 0.7335399203830295 0.16286888122558593 0.4831307305230035
1 0.2707102298736572 0.1430583741929796 0.07924604415893555 0.16317630343967016
2 0.7654655319659116 0.4228355407714845 0.08367173318231119 0.16242370605468756
2 0.16818859265523747 0.6324606252644209 0.19755459693892155 0.23154421036510148
2 0.5083609580993652 0.48010381062825513 0.07895727157592773 0.17927636040581596
2 0.680119514465332 0.23893826802571616 0.06704063415527343 0.08253021240234375
1 0.9828686714172363 0.3690659840901693 0.034262657165527344 0.3144033643934462
0 0.3730283911671922 0.8286014721345952 0.11514195583596264 0.14300736067297598
0 0.4652996845425868 0.8089730108657553 0.09779179810725552 0.17665615141955832
0 0.7074132492113566 0.6309148264984227 0.08359621451104104 0.16824395373291268
