1 0.22539103023637366 0.8371148851182721 0.19145174041531457 0.3189675225151909
1 0.8503678321838379 0.6290587955050999 0.17009010314941406 0.7155470954047309
1 0.5381721496582031 0.6737454368572589 0.19372396469116204 0.6423420255910375
1 0.9654397010803223 0.5059794531928169 0.06912059783935547 0.5832990010579427
2 0.024578478932380677 0.4048744201660156 0.049024105072021484 0.15814581976996528
1 0.2702390432357788 0.1471742894914415 0.08548893928527831 0.15876184039645724
2 0.7665078163146972 0.4130577087402344 0.09978694915771484 0.13569725884331596
0 0.7111285567659685 0.6511529408377009 0.14098854064941407 0.22984161376953122
0 0.3827493282522689 0.8399711920427011 0.11607830185995473 0.21436933510102174
2 0.17429022082018925 0.632316859446197 0.20977917981072555 0.2607781282860146
