1 0.8003305673599244 0.5818856133355035 0.12431445121765136 0.7128139919704861
1 0.26579699516296384 0.1640164269341363 0.07898316383361817 0.1270610809326172
1 0.05174492001533508 0.3168342378404405 0.08114808797836304 0.1915763431125217
1 0.9589249610900878 0.49769788318210173 0.08215007781982422 0.5567803064982096
1 0.5243473052978516 0.668970447116428 0.18615074157714845 0.6067295498318143
0 0.7190104484558105 0.6473814646402993 0.1208230972290039 0.16438573201497395
2 0.18828167915344238 0.6037670983208551 0.19935331344604493 0.25175823635525174
0 0.3776006253359821 0.7788563264030511 0.13744735898279614 0.19629805438191741
0 0.9014195583596214 0.5229582895198037 0.07728706624605693 0.09253417455310199
0 0.49763406940063076 0.782334384858044 0.10252365930599344 0.17385208552400971
