1 0.05046543031930924 0.3130292256673177 0.09347037971019745 0.20331675211588543
1 0.9453450202941894 0.49242206149631074 0.10906085968017579 0.5595887925889756
0 0.9086791038513183 0.5367513020833333 0.09085617065429688 0.1002256605360243
2 0.1777346400432406 0.6381825771659372 0.21055184313175443 0.2295597807800319
1 0.6314128875732422 0.0833004315694173 0.04387397766113281 0.12634232838948567
1 0.9464668273925781 0.8914813571506077 0.10694618225097656 0.21281178792317712
1 0.7678140974195222 0.8078788545396597 0.23817833018979925 0.3842422909206805
0 0.37464898888621045 0.8192087755761477 0.13510265350341796 0.16305728488498264
1 0.8012618296529967 0.5439887837364179 0.13249211356466886 0.5552050473186121
1 0.5552050473186121 0.5411847178408693 0.17981072555205072 0.493515597616544
