2 0.8001455068588257 0.841733635796441 0.1476963520050049 0.2613674587673611
1 0.6301127433776855 0.6225360446506076 0.134429931640625 0.7458665635850694
1 0.38187470436096194 0.3177164077758789 0.09758062362670898 0.33067631191677516
2 0.819345760345459 0.6605177985297308 0.08058242797851563 0.1599365234375
1 0.16403274536132811 0.14679372575547958 0.04976921081542969 0.14380662706163194
1 0.7491245269775391 0.25132342444525824 0.04719085693359375 0.1556987762451172
2 0.3521245002746582 0.5132942199707032 0.0925872802734375 0.14538065592447916
1 0.4594944953918457 0.29252582126193577 0.07533302307128906 0.20132844712999132
1 0.6327926635742187 0.2377076890733507 0.04002704620361328 0.12962120903862848
0 0.139589905362776 0.7528916929547843 0.0899053627760252 0.10935856992639321
0 0.5378548895899053 0.3631265334735366 0.04731861198738159 0.05327725201542229
0 0.45425867507886436 0.431826147914476 0.04731861198738173 0.03925692253767963
