1 0.7920557498931885 0.5853964487711588 0.13952836990356446 0.7400403340657552
1 0.2634445667266846 0.16586763593885634 0.06887340545654297 0.12996470133463542
1 0.051973623037338254 0.31714066399468316 0.08049428462982178 0.19148296780056423
0 0.698670768737793 0.6285596211751302 0.11987552642822266 0.16644744873046874
1 0.978400707244873 0.49034532970852324 0.043198585510253906 0.5782150480482313
2 0.18851062059402465 0.6014161851671007 0.19982678890228273 0.25788947211371527
1 0.5220820189274445 0.6850683491062034 0.1924290220820187 0.6298633017875911
0 0.9053627760252365 0.5285664213109008 0.07570977917981069 0.10375043813529622
0 0.3769716088328076 0.7907465825446899 0.1293375394321766 0.17946021731510683
0 0.49763406940063076 0.792148615492464 0.10252365930599344 0.15422362425517017
