2 0.2293896549748585 0.8065266464695786 0.18122137231278906 0.36919698490438235
2 0.3561892857686222 0.2878144004128196 0.09621708023977604 0.33876641270287505
2 0.8732404402423625 0.17289743519792652 0.07126600345362707 0.14545300673154066
2 0.037859765411932256 0.2614187889227562 0.07485523967919354 0.20918916130708123
2 0.8135644305413979 0.0645071793886949 0.07550203347507911 0.091594053839995
2 0.8030862334640488 0.05204072705021611 0.05681160664024464 0.08792049234563654
2 0.9716788257572876 0.3856047556456492 0.05664234848542478 0.20887442951651936
0 0.5559936908517351 0.655858001678191 0.09305993690851735 0.15544243698817845
0 0.5354889589905363 0.2863413312940127 0.06466876971608841 0.09817417072937577
0 0.5323343848580442 0.08726592953722291 0.05520504731861195 0.06544944715291719
