1 0.5699175357818603 0.6213271670871311 0.2122553825378418 0.7359864128960504
1 0.9740713119506836 0.0763018316692776 0.051857376098632814 0.08936440679762098
1 0.03214828968048096 0.17918991512722443 0.06429657936096192 0.17740957472059463
2 0.19007873174143897 0.558484364057314 0.22505495089461744 0.24826602340789228
0 0.7314742420750082 0.6361525883559299 0.11162837055579317 0.16328340564491142
2 0.7066246056782335 0.2621801612337889 0.14195583596214484 0.23273746933052908
2 0.8722397476340693 0.2902208201892744 0.1293375394321766 0.18787241500175247
0 0.7847003154574134 0.43883631265334744 0.14353312302839114 0.07570977917981075
0 0.3706624605678233 0.8089730108657553 0.110410094637224 0.22712933753943204
0 0.4652996845425868 0.7795303189624956 0.07570977917981075 0.16263582194181567
