1 0.9331876754760742 0.06827068328857422 0.04389266967773438 0.13654136657714844
1 0.5385665893554688 0.6394237518310547 0.21845340728759766 0.7180452982584636
1 0.9610971450805664 0.47665375603569876 0.07771625518798828 0.6523389180501301
2 0.6912151285526501 0.31872994857130243 0.1406851870780481 0.267429442728272
2 0.8572555205047319 0.31125131440588855 0.13091482649842276 0.1906764808973011
2 0.17665615141955837 0.5832457062740974 0.22712933753943218 0.2523659305993689
0 0.8927444794952681 0.5145460918331581 0.10410094637223978 0.11496670171749038
0 0.7145110410094637 0.6645636172450052 0.10410094637223978 0.15702769015071857
0 0.3477917981072555 0.8356116368734665 0.12145110410094642 0.2187171398527866
0 0.45504731861198733 0.8384157027690151 0.08044164037854884 0.15702769015071852
