1 0.6156269907951355 0.6163659691810608 0.29695186018943787 0.6782846450805664
1 0.761284351348877 0.2052055448293686 0.06215820461511612 0.4086008667945862
1 0.583800196647644 0.06296975165605545 0.059819795191287994 0.1259395033121109
1 0.9501792192459106 0.4707324206829071 0.09878482669591904 0.3777724504470825
2 0.473186119873817 0.5692253767963547 0.1072555205047319 0.4037854889589906
2 0.97397476340694 0.1855356862910204 0.05205047318611989 0.1523542327292543
2 0.5063091482649843 0.2916228531370487 0.09148264984227125 0.1514195583596214
2 0.891955835962145 0.14300736067297581 0.08044164037854884 0.16824395373291273
0 0.5867507886435331 0.16123378899404134 0.0694006309148265 0.04766912022432526
0 0.5954258675078864 0.23694356817385206 0.06466876971608819 0.0701016473887136
