1 0.669660747051239 0.5060879588127136 0.07646312564611435 0.4186604917049408
1 0.855961263179779 0.7406190037727356 0.13770370185375214 0.5103083252906799
1 0.5891892313957214 0.4610182046890259 0.06167573854327202 0.3332868814468384
1 0.7174835801124573 0.44559428095817566 0.058097075670957565 0.28890278935432434
1 0.8343676924705505 0.5388219952583313 0.06625194847583771 0.23241068422794342
1 0.045981425791978836 0.5885506868362427 0.07653359323740005 0.2728106379508972
1 0.22023475170135498 0.3914194107055664 0.04507708549499512 0.10531056672334671
1 0.1496819257736206 0.48973023891448975 0.06203002855181694 0.14507532119750977
1 0.17746740579605103 0.45904541015625 0.03649628162384033 0.1362072378396988
1 0.9323137402534485 0.3533225953578949 0.027601242065429688 0.11206749826669693
2 0.4850157728706625 0.6589554854539083 0.08359621451104104 0.3140553803014371
2 0.02208201892744481 0.7645752937217952 0.04416403785488962 0.15889708167663394
2 0.1277602523659306 0.6196985629162285 0.07886435331230283 0.1514195583596215
2 0.9282334384858036 0.5327725201542234 0.07413249211356467 0.15141955835962095
2 0.7602523659305993 0.3771468629512793 0.04416403785488953 0.05888538380651944
