1 0.6179645657539368 0.3174686133861542 0.06042766571044922 0.3610658645629883
1 0.4163620173931122 0.6743515133857727 0.1370440572500229 0.6339318156242371
1 0.012386622838675976 0.23442278802394867 0.02453731559216976 0.15073518455028534
1 0.025398684665560722 0.7236640453338623 0.050098538398742676 0.5268453359603882
1 0.16642065346240997 0.17524147033691406 0.03613724932074547 0.07788188010454178
0 0.6664037854889591 0.765509989484753 0.08359621451104104 0.15702769015071866
0 0.18138801261829657 0.5748335085874517 0.1356466876971609 0.190676480897301
0 0.5220820189274448 0.3687346652646337 0.07886435331230274 0.10935856992639323
0 0.5962145110410093 0.34770417104801987 0.05993690851735027 0.08973010865755345
0 0.6774447949526814 0.22712933753943218 0.03627760252365931 0.0560813179109709
2 0.33123028391167175 0.33929197336137384 0.08517350157728702 0.12337889940413586
2 0.43375394321766564 0.2832106554504031 0.0788643533123028 0.1121626358219418
2 0.7996845425867508 0.8398177357167894 0.14826498422712928 0.24395373291272354
2 0.820977917981073 0.6757798808271993 0.07728706624605662 0.17385208552401019
2 0.5339116719242902 0.2411496670171749 0.08359621451104098 0.11777076761303892
