1 0.5931594967842102 0.6286704540252686 0.38007640838623047 0.6579434275627136
1 0.8933040499687195 0.3543078303337097 0.08825798332691193 0.5517247915267944
1 0.7063049674034119 0.11835097521543503 0.06343211978673935 0.23487542569637299
1 0.6040401458740234 0.062008053064346313 0.06522464752197266 0.12401610612869263
1 0.5932574272155762 0.13214154541492462 0.11299648135900497 0.17924492061138153
2 0.47555205047318594 0.5622152120574835 0.08675078864353286 0.3392919733613743
2 0.4787066246056782 0.26919032597266035 0.09305993690851735 0.1289870311952331
2 0.9747634069400631 0.19675194987321462 0.05047318611987379 0.15235423272925427
0 0.971608832807571 0.4224792544648725 0.056782334384858045 0.15515829862480288
0 0.6009463722397476 0.23834560112162642 0.07886435331230288 0.06729758149316506
