1 0.9155346751213074 0.48134368658065796 0.08967609703540802 0.4658649265766144
1 0.670085608959198 0.45131513476371765 0.0931100845336914 0.29919350147247314
1 0.7602385878562927 0.7225748300552368 0.1628597229719162 0.5444663166999817
1 0.9763399362564087 0.3839781582355499 0.04643669351935387 0.4045650064945221
1 0.24220967292785645 0.7194299101829529 0.07451839745044708 0.2275017648935318
1 0.6987790465354919 0.3322426676750183 0.038140203803777695 0.13195741176605225
2 0.5788643533123029 0.7304591657903962 0.11041009463722411 0.2663862600771118
2 0.5591482649842273 0.5664213109008063 0.13722397476340686 0.17946021731510706
2 0.5796529968454258 0.46126883981773575 0.11198738170347014 0.09814230634419907
2 0.9376971608832808 0.3154574132492113 0.05205047318612026 0.09253417455310199
0 0.8091482649842271 0.894497020679986 0.12302839116719241 0.12337889940413589
0 0.7066246056782333 0.6729758149316508 0.0883280757097792 0.10655450403084464
