1 0.8997554779052734 0.4944087564945221 0.09422951191663742 0.4054397642612457
1 0.8010355234146118 0.4626283049583435 0.06716328114271164 0.33047986030578613
1 0.9095428586006165 0.894993245601654 0.17882652580738068 0.20138855278491974
1 0.07128693908452988 0.9347490072250366 0.08148475736379623 0.12934231758117676
1 0.7065218687057495 0.6901426911354065 0.17289943993091583 0.3829420804977417
2 0.583596214511041 0.7234490010515248 0.08201892744479501 0.20750087627059244
2 0.5686119873817035 0.5874518051174202 0.11829652996845418 0.1093585699263933
2 0.5851735015772871 0.5271643883631266 0.10410094637223978 0.07290571328426218
2 0.9345425867507887 0.3575184016824396 0.058359621451104 0.08692604276200491
0 0.7697160883280756 0.8888888888888888 0.1451104100946371 0.16263582194181567
