1 0.7085222945980469 0.7574661374092096 0.17261590632354434 0.47209525108337347
1 0.6858602166175842 0.4541666805744171 0.14486609399318695 0.31122809648513794
1 0.25698670744895935 0.7262647747993469 0.044744063168764114 0.1830981820821762
1 0.9790977835655212 0.39106616377830505 0.04094123840332031 0.39039647579193115
1 0.7115469574928284 0.3280288875102997 0.0367247574031353 0.10618507117033005
2 0.5757097791798107 0.7290571328426217 0.10410094637223978 0.2523659305993691
2 0.5575709779179806 0.5397826848930949 0.13091482649842268 0.14300736067297587
2 0.5843848580441641 0.46547493866105855 0.11198738170346999 0.08973010865755342
2 0.9321766561514195 0.3126533473536628 0.059936908517350104 0.10375043813529619
0 0.8280757097791798 0.9127234490010515 0.12933753943217666 0.17104801962846125
0 0.22397476340694006 0.8061689449702069 0.0441640378548896 0.06449351559761653
