1 0.6409572958946228 0.2974841594696045 0.06431350857019424 0.32537418603897095
1 0.6685947775840759 0.9211022257804871 0.18720626831054688 0.15522952377796173
1 0.5575017333030701 0.8564963936805725 0.27411386370658875 0.28139376640319824
1 0.16786929965019226 0.13602784276008606 0.0588490255177021 0.15561926364898682
1 0.7555620074272156 0.2950725555419922 0.04022521898150444 0.1438269317150116
0 0.13958990536277605 0.7599018576936558 0.1750788643533123 0.2916228531370488
0 0.7003154574132492 0.5215562565720294 0.06309148264984231 0.09533824044865057
0 0.6553627760252367 0.7444794952681388 0.09621451104100949 0.12057483350858746
0 0.43927444794952675 0.4290220820189275 0.10252365930599375 0.14020329477742727
0 0.5347003154574133 0.3729407641079565 0.053627760252365916 0.07851384507535926
0 0.5993690851735015 0.3378899404135997 0.056782334384858045 0.07570977917981069
2 0.8178233438485805 0.8229933403434981 0.13091482649842262 0.21591307395723802
2 0.8123028391167193 0.6449351559761655 0.07255520504731877 0.15141955835962143
2 0.33201892744479494 0.3294777427269541 0.0867507886435331 0.14300736067297584
2 0.41955835962145116 0.2719943918682089 0.03785488958990534 0.08973010865755345
1 0.46056782334384855 0.30003505082369436 0.08201892744479494 0.21310900806168945
2 0.5772870662460567 0.19348054679284965 0.031545741324921224 0.09533824044865057
