1 0.9092677235603333 0.5422921180725098 0.13120079040527344 0.4318417012691498
1 0.7412128448486328 0.4968237280845642 0.06797771900892258 0.29109007120132446
1 0.6016663908958435 0.6724720597267151 0.11801280826330185 0.29531216621398926
1 0.6701189875602722 0.48317253589630127 0.06773795932531357 0.20847846567630768
1 0.6257652640342712 0.950444757938385 0.16205616295337677 0.09794142097234726
1 0.19074945151805878 0.9163413643836975 0.05948162078857422 0.14808282256126404
2 0.5433753943217665 0.7486855941114616 0.07728706624605686 0.16263582194181567
2 0.9361198738170348 0.3841570276901507 0.04889589905362788 0.11216263582194197
0 0.6301261829652998 0.689800210304942 0.06782334384858044 0.06729758149316536
0 0.9369085173501582 0.5425867507886432 0.07255520504731841 0.1317910970907819
