1 0.6795563697814941 0.8737745881080627 0.31533700227737427 0.24188877642154694
1 0.6544129252433777 0.4235308766365051 0.06572818756103516 0.21313722431659698
1 0.69929438829422 0.4542558491230011 0.07301483303308487 0.30182257294654846
1 0.1442270129919052 0.9018809795379639 0.12387748062610626 0.19222819805145264
1 0.7416762709617615 0.43763530254364014 0.08444175869226456 0.29885679483413696
1 0.5747517943382263 0.5441989302635193 0.08908166736364365 0.18022520840168
1 0.6080327033996582 0.5122597813606262 0.0638464018702507 0.19206508994102478
2 0.5378548895899055 0.6869961444093937 0.08517350157728722 0.17946021731510697
2 0.9179810725552051 0.323869610935857 0.06309148264984231 0.10935856992639327
2 0.8272870662460567 0.3322818086225026 0.06782334384858046 0.10375043813529615
2 0.7649842271293379 0.3308797756747284 0.041009463722397006 0.07851384507535926
0 0.6411671924290222 0.6407290571328427 0.08359621451104114 0.07010164738871387
0 0.6151419558359621 0.6182965299684546 0.047318611987381784 0.04766912022432487
