1 0.14284534752368927 0.7740218639373779 0.285063236951828 0.38666534423828125
0 0.5741957426071163 0.03545626270908913 0.12522144615650171 0.06761671638764542
1 0.03553670644760132 0.2858705520629883 0.07079172134399414 0.14674335718154907
2 0.4235015772870662 0.41500175254118477 0.14353312302839114 0.5047318611987381
2 0.9731861198738168 0.054679284963196635 0.05362776025236646 0.10935856992639327
2 0.42034700315457413 0.06028741675429373 0.09936908517350154 0.12057483350858746
2 0.030757097791798107 0.4822993340343498 0.0583596214511041 0.19628461268839828
2 0.15141955835962143 0.123378899404136 0.05678233438485803 0.1121626358219418
0 0.5930599369085173 0.22152120574833506 0.1545741324921134 0.11777076761303888
0 0.688485804416404 0.8925692253767962 0.2728706624605678 0.21486154924640768
