1 0.6079286932945251 0.25241169333457947 0.13623638451099396 0.2782741189002991
1 0.6100038886070251 0.6562808752059937 0.30765628814697266 0.6380966305732727
1 0.7227112650871277 0.1669335961341858 0.05750618129968643 0.3326381742954254
1 0.5558457374572754 0.06914597004652023 0.05887165293097496 0.11933903396129608
0 0.946595966815945 0.38507628181797143 0.10590668022632567 0.16271743350725962
1 0.6201677322387695 0.0668722540140152 0.03933153301477432 0.1337445080280304
1 0.6942170262336731 0.1142377033829689 0.03721332550048828 0.22732026875019073
2 0.4700315457413249 0.5748335085874519 0.1104100946372239 0.34770417104801965
2 0.5173501577287066 0.2916228531370487 0.050473186119873864 0.08973010865755349
2 0.9723974763406941 0.1855356862910204 0.05520504731861195 0.1411379691470601
2 0.8943217665615143 0.13599719593410445 0.07255520504731848 0.1486154924640729
