1 0.7874601483345032 0.48027729988098145 0.07830829918384552 0.3633500039577484
1 0.8711816668510437 0.48297926783561707 0.06225433573126793 0.411978155374527
1 0.6823838949203491 0.4836319386959076 0.06000480800867081 0.20487433671951294
1 0.7141408920288086 0.7717832922935486 0.17538833618164062 0.4464409351348877
1 0.7109739184379578 0.7100524306297302 0.16614685952663422 0.3237777650356293
1 0.08936562389135361 0.9075447916984558 0.11908810585737228 0.18374601006507874
1 0.6798155903816223 0.37140148878097534 0.02841033972799778 0.08576033264398575
2 0.5922712933753944 0.7444794952681388 0.08990536277602523 0.24395373291272343
2 0.9337539432176656 0.3673326323168595 0.056782334384857906 0.10094637223974762
2 0.5623028391167193 0.5972660357518401 0.12460567823343852 0.14581142656852422
2 0.580441640378549 0.524360322467578 0.09463722397476322 0.07851384507535915
0 0.7847003154574134 0.8776726253066947 0.12776025236593072 0.12337889940413589
