1 0.9042060971260071 0.5459044575691223 0.12128791958093643 0.43274638056755066
1 0.696183979511261 0.4811531603336334 0.057776451110839844 0.21889810264110565
1 0.6384095549583435 0.5357591509819031 0.06648331135511398 0.20776520669460297
1 0.05741977319121361 0.9379828572273254 0.1144406720995903 0.12307298928499222
1 0.7472314238548279 0.505456805229187 0.06890621036291122 0.30210572481155396
1 0.8122660517692566 0.47170203924179077 0.09711742401123047 0.22994868457317352
1 0.6540122032165527 0.4567679166793823 0.0459478385746479 0.16028383374214172
1 0.5939486622810364 0.6115031838417053 0.09592705219984055 0.18813341856002808
1 0.6776837110519409 0.9150155186653137 0.19222460687160492 0.16334092617034912
1 0.5878810882568359 0.5167304873466492 0.06465473026037216 0.10825178772211075
2 0.5410094637223974 0.9360322467577988 0.10410094637223978 0.1279355064844023
2 0.554416403785489 0.755695758850333 0.09621451104100956 0.15422362425517008
2 0.9345425867507885 0.3771468629512793 0.05520504731861181 0.08131791097090804
2 0.83596214511041 0.3897651594812478 0.04731861198738159 0.05047318611987383
2 0.5481072555205047 0.6379249912372942 0.04574132492113556 0.09253417455310199
0 0.7523659305993691 0.8510339992989836 0.08517350157728715 0.08692604276200498
