1 0.6627657413482666 0.4695252478122711 0.10280781239271164 0.5707026124000549
1 0.7255274057388306 0.34021586179733276 0.049939919263124466 0.30769458413124084
1 0.7820472717285156 0.40303289890289307 0.055442240089178085 0.3347662389278412
1 0.7850213050842285 0.8938064575195312 0.21340541541576385 0.2086719125509262
1 0.5621517300605774 0.20881570875644684 0.025023842230439186 0.1247471272945404
1 0.22791901230812073 0.3857646584510803 0.045060254633426666 0.12556101381778717
1 0.6040080189704895 0.30350178480148315 0.08184108883142471 0.2218356728553772
1 0.09455903619527817 0.5248615145683289 0.037178780883550644 0.10543416440486908
1 0.0669364184141159 0.5131709575653076 0.03321460634469986 0.10915002226829529
2 0.4865930599369085 0.8939712583245707 0.17192429022082018 0.21205748335085872
2 0.5110410094637224 0.6084822993340343 0.11671924290220816 0.26358219418156315
2 0.5157728706624606 0.4220119172800561 0.05993690851735025 0.12618296529968454
2 0.8446372239747635 0.30143708377146866 0.05520504731861195 0.09814230634419914
0 0.694794952681388 0.8300035050823695 0.1561514195583596 0.12337889940413603
0 0.6285488958990536 0.555205047318612 0.10252365930599368 0.10655450403084465
2 0.09148264984227131 0.7108307045215563 0.09148264984227134 0.1598317560462671
