1 0.904157280921936 0.47829487919807434 0.09465675801038742 0.4527699947357178
1 0.7035831809043884 0.7182022929191589 0.16973362863063812 0.4263487160205841
1 0.9745880365371704 0.4903619587421417 0.050458528101444244 0.6047917604446411
1 0.7035004496574402 0.3374495804309845 0.039632510393857956 0.15126022696495056
2 0.5741324921135648 0.7206449351559762 0.09148264984227125 0.22432527164388374
2 0.5678233438485804 0.5594111461619349 0.13564668769716093 0.1373992288818787
2 0.5851735015772871 0.4682790045566071 0.10410094637223978 0.08973010865755349
2 0.9361198738170341 0.30564318261479145 0.042586750788643754 0.06168944970206814
0 0.8099369085173501 0.9085173501577287 0.13091482649842262 0.1458114265685245
0 0.21687697160883282 0.8019628461268841 0.04574132492113567 0.06168944970206809
