1 0.6353614330291748 0.6219891905784607 0.264153391122818 0.6453957557678223
1 0.6148302555084229 0.19708171486854553 0.08431416004896164 0.3481893837451935
1 0.7197539210319519 0.16985321044921875 0.06977081298828125 0.33485347032546997
1 0.5577248930931091 0.11721005290746689 0.07732047885656357 0.22545598447322845
2 0.4692429022082018 0.5608131791097091 0.12776025236593064 0.4093936207500877
2 0.973186119873817 0.19534991692544032 0.053627760252365986 0.12711763966931738
2 0.49999999999999967 0.3000350508236942 0.06309148264984231 0.0953382404486502
2 0.8903785488958986 0.1458114265685243 0.07728706624605676 0.11777076761303878
0 0.6064668769716087 0.24395373291272343 0.06466876971608841 0.061689449702068015
0 0.9723974763406941 0.35938777181503023 0.05520504731861195 0.09627291481828333
