1 0.09663756936788559 0.7312785983085632 0.09041275084018707 0.24249708652496338
1 0.8015871047973633 0.6518501043319702 0.06692066043615341 0.42452436685562134
1 0.6910542845726013 0.5946781039237976 0.08071547001600266 0.22149421274662018
1 0.22976937890052795 0.5933717489242554 0.07522063702344894 0.18068720400333405
1 0.02780870534479618 0.7347724437713623 0.054842110723257065 0.16851870715618134
1 0.7377669811248779 0.6201779246330261 0.05093974992632866 0.28050360083580017
1 0.10453696548938751 0.6254574060440063 0.05350206047296524 0.12758967280387878
1 0.6808342337608337 0.474200040102005 0.031116867437958717 0.13397809863090515
1 0.2968815863132477 0.5341485738754272 0.03267831727862358 0.12683334946632385
2 0.19242902208201895 0.7486855941114616 0.08517350157728706 0.10655450403084472
2 0.9400630914826499 0.586049772169646 0.08201892744479508 0.1121626358219418
2 0.8738170347003154 0.5636172450052576 0.05047318611987364 0.11216263582194173
