1 0.6568174958229065 0.8789471387863159 0.2544589042663574 0.23600193858146667
1 0.8936247229576111 0.47436055541038513 0.10292892903089523 0.45374950766563416
1 0.6823241114616394 0.42598071694374084 0.06636963039636612 0.21514028310775757
1 0.6376952528953552 0.3943769335746765 0.03342609480023384 0.1219685897231102
2 0.2327784483647121 0.9246967234079129 0.08044587700901 0.15060655318417382
2 0.7705047318611987 0.354714335786891 0.04258675078864343 0.06449351559761653
2 0.8343848580441642 0.34630213810024535 0.028391167192429095 0.05327725201542236
2 0.5315457413249212 0.9178058184367334 0.0788643533123028 0.16438836312653352
2 0.3272870662460568 0.7374693305292674 0.07413249211356465 0.11216263582194187
2 0.5457413249211356 0.5930599369085173 0.06309148264984224 0.10375043813529622
2 0.927444794952681 0.34770417104801965 0.05678233438485856 0.07290571328426218
2 0.5394321766561514 0.7220469681037504 0.09463722397476346 0.13739922888187864
1 0.6466876971608833 0.5145460918331581 0.11356466876971602 0.23273746933052927
0 0.6608832807570977 0.6813880126182965 0.09779179810725552 0.07851384507535926
0 0.7263406940063091 0.822993340343498 0.08675078864353294 0.08692604276200491
2 0.7050473186119873 0.339291973361374 0.04731861198738173 0.07851384507535926
