1 0.8998144268989563 0.4897027909755707 0.0947597548365593 0.45782047510147095
1 0.795102059841156 0.7861512303352356 0.20926685631275177 0.41737350821495056
1 0.781707763671875 0.46725398302078247 0.06622276455163956 0.3365272581577301
1 0.6680941581726074 0.6778377890586853 0.11721058189868927 0.31237369775772095
1 0.6272332668304443 0.4271332025527954 0.042555905878543854 0.12300907075405121
2 0.5370662460567822 0.9127234490010515 0.12460567823343842 0.16543988783736416
2 0.554416403785489 0.7206449351559762 0.13091482649842276 0.16824395373291282
2 0.32018927444794953 0.7290571328426219 0.08517350157728715 0.09533824044865057
2 0.12460567823343847 0.8916929547844374 0.05362776025236594 0.07290571328426211
2 0.8312302839116719 0.34630213810024524 0.0536277602523659 0.0869260427620045
2 0.6995268138801265 0.3378899404135997 0.05205047318611993 0.0644935155976164
2 0.7334384858044157 0.3533123028391168 0.041009463722396944 0.050473186119873586
