1 0.8783301711082458 0.8715479969978333 0.23477458953857422 0.2489505410194397
1 0.8911930322647095 0.4528660476207733 0.06919097900390625 0.42037710547447205
1 0.7023165822029114 0.715297520160675 0.1672344207763672 0.4043348729610443
1 0.9774476885795593 0.38800048828125 0.04420891031622887 0.39308708906173706
1 0.25672921538352966 0.7152677178382874 0.04277029260993004 0.19589047133922577
1 0.10432329028844833 0.7553545236587524 0.03348279744386673 0.08507758378982544
1 0.7119181752204895 0.42635685205459595 0.09191875904798508 0.23226776719093323
2 0.5717665615141957 0.724851033999299 0.08675078864353303 0.2046968103750438
2 0.564668769716088 0.5636172450052577 0.13880126182965372 0.16824395373291232
2 0.5835962145110405 0.46126883981773564 0.11356466876971602 0.08131791097090772
2 0.9337539432176656 0.30704521556256564 0.05678233438485803 0.09253417455310214
