1 0.8976735472679138 0.4498208165168762 0.09996242821216583 0.4299915134906769
1 0.7089189887046814 0.7181179523468018 0.1679319441318512 0.38473549485206604
1 0.14944303035736084 0.7982392311096191 0.06452775001525879 0.1369250863790512
1 0.08933532238006592 0.8947046995162964 0.09364976733922958 0.2072957456111908
1 0.6808363199234009 0.42681437730789185 0.10893173515796661 0.27331218123435974
1 0.2465806007385254 0.6832239031791687 0.06978006660938263 0.18991835415363312
1 0.7049645781517029 0.3402799069881439 0.04068794474005699 0.16416221857070923
2 0.5764984227129338 0.7290571328426219 0.09305993690851729 0.24114966701717505
2 0.5591482649842273 0.5538030143708376 0.13091482649842245 0.15422362425516967
2 0.583596214511041 0.46968103750438134 0.09463722397476339 0.08692604276200491
2 0.9416403785488958 0.3182614791447599 0.07886435331230288 0.1261829652996845
0 0.8059936908517349 0.9057132842621803 0.138801261829653 0.16824395373291268
0 0.21845425867507884 0.8019628461268841 0.055205047318611984 0.0672975814931651
