1 0.645820677280426 0.6432214975357056 0.28736612200737 0.6159645915031433
1 0.7649144530296326 0.3526097238063812 0.09624939411878586 0.58014315366745
1 0.7188045382499695 0.15293939411640167 0.05640297010540962 0.30470573902130127
1 0.5936720371246338 0.22435057163238525 0.15163937211036682 0.23075172305107117
1 0.6279917359352112 0.06467128545045853 0.02643280103802681 0.1280098259449005
2 0.4652996845425868 0.5495969155275149 0.10094637223974764 0.34209603925692256
2 0.970031545741325 0.17431942270882622 0.059936908517350104 0.10748917840047756
2 0.8958990536277602 0.15141955835962143 0.07570977917981069 0.14020329477742727
2 0.49763406940063093 0.2846126883981774 0.04889589905362776 0.10375043813529622
2 0.5118296529968454 0.1682439537329127 0.0425867507886435 0.10655450403084471
0 0.9676656151419558 0.3565837059194817 0.06466876971608841 0.10188104660938045
