1 0.6595478057861328 0.5589091777801514 0.162800595164299 0.4687161147594452
1 0.5595685839653015 0.6955714821815491 0.15020409226417542 0.4340228736400604
1 0.31840822100639343 0.8930657505989075 0.17977456748485565 0.2113325446844101
1 0.6765168905258179 0.4095559812536417 0.13392868638038635 0.3411014974117279
0 0.41031414947299183 0.8533341366702362 0.11285886032160168 0.07101787699342804
1 0.4095378816127777 0.5804516673088074 0.08290272206068039 0.17838965356349945
0 0.7649842271293376 0.44584647739221867 0.0851735015772871 0.10094637223974781
2 0.48107255520504727 0.580441640378549 0.06309148264984209 0.08973010865755353
2 0.8115141955835964 0.25657202944269186 0.12145110410094631 0.1317910970907816
2 0.41088328075709774 0.539782684893095 0.06782334384858046 0.05327725201542236
