1 0.5040163397789001 0.793687641620636 0.21701815724372864 0.406846284866333
1 0.566233217716217 0.622253954410553 0.16392365097999573 0.3958936929702759
1 0.6584283113479614 0.44124239683151245 0.17440128326416016 0.3366565704345703
1 0.3190402388572693 0.891226053237915 0.18482756614685059 0.21569757163524628
1 0.6769878268241882 0.30922889709472656 0.07352075725793839 0.18415634334087372
1 0.7087106704711914 0.23863297700881958 0.05891170725226402 0.15287484228610992
2 0.8083596214511036 0.2565720294426918 0.13091482649842176 0.1317910970907815
2 0.4755520504731862 0.5636172450052576 0.06466876971608813 0.07851384507535915
2 0.3217665615141956 0.8229933403434981 0.07570977917981074 0.08692604276200547
0 0.4132492113564669 0.8580441640378548 0.0883280757097792 0.07851384507535926
0 0.5118296529968455 0.6519453207150367 0.06782334384858046 0.06449351559761653
0 0.5899053627760241 0.43883631265334727 0.06940063091482644 0.08692604276200509
