1 0.3486183285713196 0.8015365600585938 0.3023688495159149 0.3853207230567932
1 0.619938313961029 0.1851285994052887 0.13613414764404297 0.32546696066856384
1 0.7460458874702454 0.23895804584026337 0.15957508981227875 0.47663614153862
1 0.4952106177806854 0.42681318521499634 0.1749003380537033 0.3699708878993988
2 0.3083596214511041 0.6112863652295829 0.06466876971608833 0.07290571328426211
2 0.7831230283911671 0.07991587802313355 0.07413249211356472 0.1486154924640729
0 0.4085173501577287 0.6267087276550999 0.09148264984227134 0.05888538380651937
0 0.5165615141955835 0.293024886084823 0.06466876971608833 0.04206098843322818
0 0.47949526813880117 0.42341395022783035 0.11987381703470026 0.11216263582194187
0 0.5228706624605678 0.21310900806168945 0.07097791798107256 0.05047318611987383
0 0.7239747634069401 0.23974763406940075 0.08201892744479461 0.09814230634419907
