1 0.5547069907188416 0.3658827245235443 0.08038979023694992 0.41774818301200867
1 0.7359949946403503 0.36746275424957275 0.07550306618213654 0.2546183168888092
1 0.6453161239624023 0.42132747173309326 0.08269023895263672 0.4145904779434204
1 0.022598763927817345 0.8028050661087036 0.04477747902274132 0.37306082248687744
0 0.165615141955836 0.5748335085874519 0.12933753943217668 0.20189274447949523
0 0.4416403785488959 0.4290220820189275 0.10725552050473183 0.1345951629863302
0 0.6585173501577287 0.7570977917981072 0.08359621451104098 0.14020329477742735
0 0.6987381703470033 0.5453908166841921 0.07570977917981069 0.10375043813529615
0 0.5323343848580442 0.3645285664213108 0.08359621451104104 0.08412197686645641
2 0.31861198738170343 0.32807570977917977 0.08201892744479494 0.13459516298633015
2 0.8075709779179809 0.8271994391868209 0.15457413249211338 0.23554153522607804
2 0.8083596214511042 0.6505432877672626 0.08044164037854898 0.15702769015071852
2 0.4369085173501577 0.283210655450403 0.07570977917981057 0.11216263582194186
2 0.48974763406940064 0.20890290921836663 0.06151419558359621 0.09253417455310199
0 0.34700315457413256 0.5047318611987381 0.07255520504731862 0.12337889940413603
