1 0.5877710580825806 0.7392204403877258 0.16036319732666016 0.5066550374031067
1 0.7138113975524902 0.44830507040023804 0.05141506344079971 0.275642991065979
1 0.183607816696167 0.4640394449234009 0.03622131422162056 0.15783624351024628
1 0.6040763854980469 0.3370714485645294 0.027567768469452858 0.17474475502967834
1 0.2359875738620758 0.39581525325775146 0.03379793092608452 0.09967812895774841
2 0.4692429022082018 0.6519453207150369 0.07413249211356465 0.22712933753943226
2 0.9266561514195584 0.5383806519453207 0.08359621451104089 0.15141955835962137
2 0.7563091482649843 0.385559060637925 0.045741324921135626 0.07570977917981069
2 0.017350157728706624 0.7697160883280759 0.03470031545741325 0.15422362425516994
2 0.12302839116719243 0.6140904311251315 0.08517350157728706 0.1402032947774272
2 0.2279179810725552 0.5005257623554153 0.08359621451104098 0.11496670171749045
2 0.65615141955836 0.30003505082369436 0.047318611987381756 0.06168944970206803
