1 0.841985821723938 0.6832989454269409 0.12180270999670029 0.5522498488426208
1 0.8949871063232422 0.4928453266620636 0.10825347900390625 0.4054507911205292
1 0.10971400886774063 0.9070255160331726 0.09710459411144257 0.18471544981002808
1 0.6713590621948242 0.5066843032836914 0.08057060092687607 0.21345147490501404
1 0.7919436097145081 0.4199327230453491 0.04359464719891548 0.20992499589920044
1 0.6757490038871765 0.3842761218547821 0.038253020495176315 0.13347779214382172
1 0.6986567378044128 0.4109438955783844 0.041945554316043854 0.1594693511724472
1 0.4050629734992981 0.5483865737915039 0.031844355165958405 0.0786827951669693
2 0.5993690851735016 0.7584998247458816 0.09779179810725559 0.23273746933052938
2 0.5709779179810723 0.5986680686996144 0.11356466876971595 0.1542236242551702
2 0.5867507886435331 0.5173501577287065 0.09463722397476339 0.0813179109709079
2 0.9329652996845428 0.3575184016824394 0.06782334384858046 0.09253417455310203
0 0.7728706624605678 0.8818787241500174 0.1671924290220821 0.12618296529968462
0 0.7042586750788644 0.668769716088328 0.09936908517350161 0.09814230634419915
