1 0.8965951800346375 0.4804491698741913 0.11257343739271164 0.4547578692436218
1 0.8039844632148743 0.4501323103904724 0.11414089053869247 0.35553276538848877
1 0.8223102688789368 0.7949284911155701 0.25313034653663635 0.40042656660079956
1 0.14521177113056183 0.902321994304657 0.11798510700464249 0.1947942078113556
1 0.6878957748413086 0.43659085035324097 0.10508375614881516 0.23806172609329224
1 0.6061191558837891 0.5422306656837463 0.10056686401367188 0.21154752373695374
1 0.18374201655387878 0.8718997836112976 0.10062678158283234 0.20548604428768158
2 0.5417981072555204 0.9037854889589902 0.13722397476340695 0.19242902208201865
2 0.5410094637223974 0.6940063091482649 0.08517350157728706 0.17104801962846125
2 0.9219242902208202 0.34490010515247105 0.06466876971608826 0.11777076761303888
2 0.8225552050473185 0.3336838415702769 0.04258675078864369 0.09533824044865052
2 0.7255520504731863 0.3294777427269541 0.03785488958990555 0.05327725201542236
0 0.6356466876971608 0.6365229582895198 0.09463722397476332 0.10655450403084472
0 0.7011041009463722 0.8286014721345952 0.11514195583596205 0.13739922888187878
