1 0.7844710350036621 0.6357933878898621 0.08589821308851242 0.46648457646369934
1 0.7130627632141113 0.45038098096847534 0.047719575464725494 0.2889462113380432
1 0.1579200029373169 0.5014336705207825 0.05006604269146919 0.20755615830421448
1 0.025002771988511086 0.6213209629058838 0.04982072860002518 0.227647066116333
1 0.634011447429657 0.46041226387023926 0.07862605899572372 0.305908203125
1 0.591655433177948 0.3363785147666931 0.028542805463075638 0.15890935063362122
2 0.4794952681388013 0.6617595513494566 0.13249211356466886 0.30844724851034
2 0.01971608832807571 0.7828017220428606 0.03943217665615142 0.1560930157810857
2 0.12145110410094638 0.6196985629162285 0.08517350157728706 0.1514195583596215
2 0.9258675078864355 0.529968454258675 0.07886435331230288 0.16824395373291268
