1 0.6163832545280457 0.6062131524085999 0.237038716673851 0.597858726978302
1 0.7641022801399231 0.19696807861328125 0.07516727596521378 0.39306631684303284
1 0.6013957858085632 0.21951347589492798 0.14088574051856995 0.2674601674079895
1 0.698302686214447 0.1302245408296585 0.04899902269244194 0.259059876203537
1 0.5843564867973328 0.06614144891500473 0.07680816948413849 0.13228289783000946
2 0.46451104100946367 0.5594111461619348 0.11514195583596212 0.3505082369435681
2 0.49763406940063093 0.30143708377146866 0.061514195583596276 0.11496670171749035
2 0.973186119873817 0.2009580487165374 0.053627760252365986 0.17198269399809413
2 0.8911671924290221 0.1444093936207501 0.07886435331230274 0.1486154924640729
0 0.7539432176656152 0.9309498773221171 0.23974763406940064 0.11777076761303888
