1 0.5881369709968567 0.6024665832519531 0.15034274756908417 0.404962420463562
1 0.6519679427146912 0.45357781648635864 0.1364099532365799 0.32597607374191284
1 0.4990527629852295 0.7939111590385437 0.26167258620262146 0.4008992612361908
1 0.3221079707145691 0.9039245843887329 0.1859673112630844 0.18920119106769562
1 0.6801398396492004 0.31586089730262756 0.08158645778894424 0.19838137924671173
1 0.37457066774368286 0.5673308968544006 0.052690982818603516 0.080530546605587
2 0.8099369085173501 0.26778829302488605 0.12145110410094631 0.12618296529968454
2 0.4763406940063092 0.5650192779530319 0.07255520504731869 0.08692604276200491
2 0.32807570977917977 0.8145811426568526 0.059936908517350174 0.08131791097090783
0 0.508675078864353 0.6519453207150372 0.08044164037854912 0.05327725201542241
0 0.7634069400630915 0.45706274097441296 0.06940063091482643 0.08973010865755349
0 0.4116719242902208 0.8496319663512092 0.07886435331230256 0.044865054328776806
