1 0.09934071699778241 0.9025188587330006 0.19868143399556482 0.19295987729673034
1 0.19038784503936768 0.5038489871554904 0.1745419979095459 0.6174481709798177
1 0.9389094352722168 0.5436660060176143 0.11319332122802735 0.3123562565556279
1 0.8365384101867676 0.5147493574354384 0.12744998931884766 0.38501680162217883
1 0.6804093360900879 0.524320164433232 0.1201395034790039 0.47979097719545716
2 0.4935692628224691 0.32953694661458327 0.12837101618448893 0.1356658935546875
1 0.7290592193603516 0.9006795247395835 0.2038654327392578 0.18654039171006948
1 0.05903326471646626 0.5330312093098958 0.11798935333887735 0.49478759765625
0 0.7819834667049373 0.49284600151909713 0.0638479317024307 0.12653571234809027
0 0.2988379076326933 0.5095975386259335 0.06020612024734455 0.15879400061424562
2 0.8192509834698697 0.3809556142096349 0.04983448305340608 0.09065979249929476
2 0.06593230962753296 0.34752963030779804 0.06953132152557373 0.10179663764105903
0 0.6491405363714658 0.5093631049101703 0.055192875786910324 0.13089999851744258
2 0.24913512070973717 0.3371049103913484 0.10644319852193197 0.1577572292751736
0 0.3580441640378549 0.5117420259376095 0.056782334384858045 0.21030494216614096
0 0.5749211356466877 0.49912372940764116 0.07413249211356465 0.16263582194181572
0 0.8974763406940061 0.5285664213109008 0.02839116719242934 0.0813179109709081
