1 0.9152576446533203 0.8060799492730035 0.12147572835286459 0.3823367648654514
1 0.1902722954750061 0.504836513378002 0.14460761547088624 0.6064894217031973
1 0.8527898788452148 0.5188063586199725 0.14666748046875 0.36384376243308736
1 0.03930697937806447 0.5338883717854818 0.07859270373980204 0.4878479851616753
2 0.07433839042981466 0.35014292399088537 0.08484585682551066 0.1085871378580729
2 0.49390106201171874 0.32029622395833335 0.11881828308105469 0.13603843406394675
1 0.08416316509246827 0.937904273139106 0.16783032417297364 0.12419145372178819
1 0.6842246055603027 0.5253376007080078 0.11264476776123047 0.4930968390570747
1 0.9292533874511719 0.527419196234809 0.08591270446777344 0.3200229220920139
2 0.2526531219482422 0.3295707702636719 0.11333363850911458 0.13907058150679977
1 0.7808215141296388 0.18290958404541016 0.02657769521077474 0.07646319071451822
0 0.5736838366832392 0.4777592965745658 0.05564086083734075 0.1258654075076147
0 0.31545741324921134 0.5117420259376095 0.06309148264984224 0.19908867858394672
0 0.11435331230283911 0.5131440588853837 0.04574132492113565 0.14581142656852428
0 0.779179810725552 0.48089730108657547 0.056782334384858045 0.1373992288818787
