0 0.12896442413330078 0.4809844970703125 0.08264474868774414 0.12150777180989585
2 0.29198379516601564 0.29498695797390406 0.0990966796875 0.12240537007649738
0 0.8408401489257813 0.47727652655707464 0.08485666910807294 0.12522667778862848
2 0.10962452888488769 0.34054920055248117 0.08982909520467124 0.11122558028609664
0 0.030180411058018768 0.47310646499257625 0.05083723965754143 0.11393804798645464
2 0.5522541912070834 0.29384610917833115 0.12516706619102239 0.1304033491346571
0 0.3831807359661337 0.48325859147374994 0.0607635388740358 0.09969587070889878
0 0.6154217720031738 0.506926119769061 0.10099010467529297 0.17137567025643807
2 0.9480157996577792 0.3775476591402382 0.05015880211670765 0.09062056462889262
2 0.026717585076888404 0.35289026896158854 0.04513826022545497 0.0887693617078993
2 0.7555205047318612 0.31966351209253413 0.08201892744479508 0.09533824044865061
