1 0.582938289642334 0.596921228479456 0.15409793853759765 0.6400765878182869
2 0.6614088694254556 0.20769437154134113 0.08668594360351563 0.10250591701931423
0 0.7243298848470053 0.31798087226019967 0.07198537190755208 0.10498120343243635
0 0.8450931549072266 0.3281390719943576 0.06962699890136718 0.09294727466724537
2 0.042007665704352125 0.3733291444133301 0.08401533140870425 0.14297782861402297
0 0.10559145212173462 0.5273959407099971 0.13998277187347413 0.19447614881727432
0 0.30125652351401944 0.4672847001264827 0.07877340589412013 0.19664426746317193
2 0.20977917981072555 0.2972309849281458 0.1167192429022082 0.123378899404136
2 0.4447949526813881 0.23133543638275497 0.12933753943217666 0.13739922888187872
2 0.77602523659306 0.21310900806168945 0.056782334384858045 0.07290571328426218
