2 0.0656662364800771 0.3485421922471788 0.09057774941126505 0.10961761474609374
2 0.7128884017655522 0.35763565346046716 0.09090792739178234 0.11265346385814523
0 0.7807601108410632 0.5169827097221881 0.06917944465901955 0.14172314754057802
1 0.1099511841494202 0.5003657884193311 0.06175901370845763 0.15950375786589774
0 0.3607069304312816 0.5202411718019774 0.056357172535797216 0.20412866641656455
2 0.3991339473443579 0.1708250061152819 0.07387966543091364 0.08523736484196434
2 0.8311026019628867 0.3979603237575954 0.06203910454590596 0.09065060085720483
2 0.49029306688519303 0.3284547452573422 0.12347401218835483 0.1300581472891348
0 0.5852987000618824 0.48666639973145365 0.07469142388344797 0.1663598551874421
2 0.24921135646687698 0.3308797756747283 0.11987381703470035 0.11777076761303888
