2 0.7070319493611654 0.35315284729003904 0.08428840637207032 0.11624069213867187
0 0.7692326545715332 0.4705537301522714 0.08240947723388672 0.10389263011791088
2 0.07363661726315815 0.3514667087131077 0.08931448062260944 0.11223687065972224
0 0.12135837078094483 0.5312744140625 0.08152079582214355 0.12105611165364584
2 0.24868932565053303 0.3336207919650607 0.11019593874613444 0.1513086954752604
0 0.3554870612989841 0.5104030068949403 0.06216416855339743 0.17560063926036254
0 0.3000703702338989 0.4956542591692647 0.047103355359579754 0.13348798300565615
2 0.8249841536633223 0.39216816310835767 0.05203990936279297 0.09176144070095486
0 0.61205685933431 0.46001879374186194 0.09729258219401044 0.1269025166829427
0 0.8774394989013672 0.49555084793655957 0.06095466613769531 0.10637710006148726
