2 0.11610162258148193 0.33269074051468456 0.08084626197814941 0.0988218519422743
0 0.6244836898506879 0.47844251995262693 0.07645503925600249 0.13851869246407914
2 0.02885167499383291 0.34007363496003323 0.056619582573572795 0.12153611359772859
2 0.9433713554959944 0.38030073524900304 0.06674888141523778 0.11556582686527567
2 0.281443955996059 0.30211513794280465 0.08948691756191324 0.1120770278468926
2 0.7515633300275825 0.3181880631364941 0.0827892526091086 0.11377797519538094
2 0.5604432822025912 0.3046204460991748 0.12830271735928406 0.12414398193359365
0 0.15030355964925382 0.49005273377063846 0.05902511083239888 0.099734808610608
0 0.8501577287066246 0.48510339992989837 0.07886435331230303 0.12337889940413603
0 0.03154574132492114 0.4752891692954785 0.05047318611987382 0.08692604276200491
0 0.1056782334384858 0.4752891692954785 0.03470031545741325 0.09253417455310192
