1 0.7348509470621744 0.4994958383065683 0.13716150919596354 0.5416276719835069
1 0.48761875712157043 0.4934059425636573 0.12593245340822629 0.5672826696325229
1 0.06552778482437134 0.4887250547055845 0.12052466869354247 0.46476949055989586
2 0.29422479470570884 0.29792135733145253 0.10221864382425944 0.11757575141059026
2 0.11498236656188965 0.3288267347547743 0.07310768763224283 0.09069179958767361
0 0.6216094334920247 0.45855085584852434 0.08897336324055988 0.1554718017578125
0 0.8344828605651855 0.48936185483579286 0.07823925018310547 0.111798095703125
1 0.9607940673828125 0.5200645446777343 0.07722625732421876 0.4333982679578993
0 0.13978173335393268 0.4713096336082176 0.0862758239110311 0.10982982494212963
0 0.3911671924290221 0.4766912022432527 0.059936908517350104 0.17385208552400988
0 0.3217665615141956 0.45425867507886436 0.05678233438485801 0.11777076761303895
2 0.5654574132492115 0.28741675429372593 0.12145110410094627 0.10935856992639327
