1 0.5984457651774089 0.4478119602909794 0.07980728149414062 0.2263396934226707
1 0.2958180904388428 0.6825268498173466 0.2044224739074707 0.6246453744393808
1 0.04288947979609171 0.39334487915039057 0.04004627068837483 0.1350835164388021
1 0.31323089599609377 0.3525373670789931 0.05941918690999349 0.1456661648220486
0 0.6037958145141602 0.591163267912688 0.09489275614420573 0.10256195068359375
1 0.37843783696492517 0.2863717467696578 0.04717960357666016 0.16418390627260565
1 0.9593775749206543 0.9261571248372396 0.0812448501586914 0.14643769440827548
2 0.105884983142217 0.7432322184244791 0.09651158253351849 0.23301346390335648
2 0.6434549331665039 0.42474951567473235 0.05939572652180989 0.12791479605215567
0 0.33796277046203616 0.4506699456108941 0.06075239181518555 0.0575246740270544
2 0.20242520173390705 0.5033644405114956 0.06699655850728341 0.14337923478016076
1 0.40068635940551756 0.25615747239854597 0.04379901885986328 0.16259808010525173
2 0.7523659305993691 0.6070802663862601 0.059936908517350104 0.12057483350858746
0 0.5347003154574133 0.4556607080266386 0.04731861198738166 0.07570977917981075
0 0.5063091482649843 0.3645285664213109 0.04100946372239754 0.033648790746582474
