2 0.7254151026407878 0.36097765322084785 0.08320503234863282 0.09693450927734375
2 0.07460869352022806 0.35311338636610246 0.09473504622777301 0.11140187581380206
2 0.2461200475692749 0.332650883992513 0.1054537296295166 0.1238906012641059
0 0.35124719992797054 0.5145501362858202 0.05946453768372167 0.14180042406348053
2 0.48895899053627756 0.3224675779880827 0.12618296529968454 0.123378899404136
2 0.39274447949526814 0.17245005257623552 0.0788643533123028 0.09253417455310199
0 0.29889589905362773 0.4977216964598668 0.04889589905362772 0.14861549246407293
0 0.11435331230283911 0.493515597616544 0.052050473186119856 0.1345951629863302
0 0.7815457413249212 0.5075359270942867 0.06151419558359621 0.11216263582194187
0 0.8872239747634069 0.49912372940764116 0.045741324921135626 0.07290571328426218
0 0.971608832807571 0.5173501577287066 0.03154574132492101 0.06449351559761653
