2 0.11555252869923908 0.33244120279947914 0.0836413860321045 0.1025117662217882
0 0.14902177238063238 0.4925126852255473 0.05545290266051013 0.10906610605886342
2 0.9461930470511741 0.38667035580294246 0.061689019829944146 0.10058834745806265
2 0.028634744882583617 0.33726022508409287 0.056301796436309816 0.12260411580403646
2 0.752606509235755 0.3234853203211144 0.09224600806973372 0.11066482495810347
2 0.2857582590651437 0.2989985640604148 0.0961047250577705 0.10694639221754779
0 0.6228221049444158 0.4770330276426861 0.05603736101264796 0.1458577987398132
2 0.5597905727591049 0.29906776192896084 0.13392647704115412 0.13948171423729197
0 0.8454258675078864 0.4794952681388013 0.06940063091482657 0.11216263582194187
0 0.02996845425867508 0.4738871363477042 0.050473186119873815 0.07851384507535926
0 0.10488958990536279 0.46968103750438134 0.04574132492113565 0.09253417455310199
