1 0.547870635986328 0.557472652859158 0.09467086791992188 0.4664654201931423
1 0.3194009145100911 0.34991354765715427 0.052666854858398435 0.14690548932110822
1 0.9613151550292969 0.9267988134313514 0.07736968994140625 0.1439889978479456
2 0.10270636876424152 0.7481343304669416 0.0976040522257487 0.23279763680917245
2 0.638694985707601 0.41716213932743784 0.07093130747477214 0.12824399029767072
1 0.28771635939520873 0.6748240152994788 0.17600262463406188 0.6319329155815971
1 0.11101477146148682 0.32192425198025176 0.027505207061767577 0.06755071569372106
0 0.6069015502929688 0.5837702715838398 0.08464762369791666 0.09771869800708911
0 0.3409106572469075 0.45153106406882965 0.06260623931884765 0.05743004127785012
0 0.22709354559580483 0.9129165649414063 0.18271120389302575 0.17257520887586802
2 0.20576789379119872 0.5077935536702474 0.07875704765319824 0.13362079196506077
1 0.40350257555643715 0.2673512988620334 0.028368536631266275 0.17183613247341578
2 0.7640476226806641 0.6080374823676216 0.07677179972330729 0.14617987738715277
2 0.9379154205322265 0.49154405947084784 0.05078887939453125 0.1022096421983507
2 0.09442160865360505 0.40362517192745634 0.07053760010612001 0.09442979625653326
1 0.9337228775024414 0.37887843096697776 0.02857513427734375 0.1458525198477286
0 0.3621426900227865 0.3380763724998191 0.04208946228027344 0.04257419727466725
2 0.0583897054195404 0.9538227222583913 0.11673952341079712 0.0923545554832176
1 0.37731491579242304 0.27054435588695386 0.027748422893439977 0.17384331314652052
