1 0.20094705422719322 0.5178855613425926 0.13667400677998862 0.5223115143952546
1 0.9390464782714844 0.5236065758599175 0.08175506591796874 0.30958887736002605
1 0.04786950349807739 0.5467998080783419 0.09573900699615479 0.5422012329101562
1 0.8553222836756176 0.42929614669099164 0.059008371491536725 0.26817633879214
1 0.7583506902058921 0.8112120734320747 0.2090892791748047 0.3752782185872396
2 0.4936925888061524 0.3169500704164858 0.12498003641764323 0.13791975798430267
2 0.40157384872436525 0.16510307170726635 0.06996212005615235 0.07132338064688223
2 0.7109270218168275 0.356051254272461 0.08952575587323734 0.10338397555881086
2 0.07186156511306763 0.3479824631302445 0.07789733409881591 0.0993931805645978
1 0.5984907150268555 0.12931141676726166 0.03182894388834635 0.09351413161666305
0 0.31739419301350913 0.47771340829354747 0.09452870686848959 0.13710609718605324
1 0.7913312583064932 0.5154488649222322 0.11021668226560945 0.3057912755895544
0 0.5976815541585286 0.44626430935329864 0.09758656819661458 0.1625359429253472
0 0.10401898423830667 0.49074999491373705 0.07700934012730916 0.12594969007703993
