1 0.8327501296997071 0.693105231391059 0.24713706970214844 0.5536798547815394
1 0.34749657313028975 0.49318777013708043 0.14866568247477213 0.45204767297815396
1 0.18803489208221436 0.5087272644042968 0.16907944679260253 0.5633460715964989
1 0.22311266263326007 0.8562750357168691 0.2685189882914225 0.27648349338107636
1 0.6465871810913086 0.34867273260045933 0.10651741027832032 0.4253713678430628
1 0.807402261098226 0.3689039583559389 0.096043332417806 0.3764661718297887
1 0.9129329681396484 0.3128875591136791 0.06777877807617187 0.23852383648907696
2 0.4444547176361084 0.2328039875736943 0.12278451919555664 0.12065481962981048
0 0.7423475572363435 0.3160775068862261 0.07121836344401042 0.11127245867693865
2 0.03712967336177826 0.3841454399956598 0.07306764721870422 0.11600901285807291
2 0.20524593768435706 0.28877217544268635 0.11023105276370541 0.11683712515935171
0 0.5473186119873817 0.3757448300035051 0.059936908517350174 0.11777076761303892
0 0.6190851735015772 0.3729407641079565 0.05835962145110408 0.11216263582194184
0 0.26577287066246064 0.46126883981773575 0.0457413249211357 0.14861549246407296
0 0.08753943217665615 0.5215562565720294 0.04574132492113564 0.10655450403084472
