1 0.7369946161905924 0.470564693874783 0.10680809020996093 0.5381640964084201
1 0.47853327364074205 0.48752305772569443 0.12847371557658924 0.565023464626736
1 0.06982238094011942 0.5076587677001954 0.13577758868535358 0.4527292039659288
1 0.9329659862097135 0.5245052839943921 0.13176089867432517 0.48344476331908337
2 0.2861754576365153 0.3061114417182074 0.10815089543660482 0.12130915323893228
0 0.8458407402038575 0.5014783223470052 0.06838626861572265 0.09387257893880209
2 0.11951153675715127 0.32947565714518234 0.0719751755396525 0.08894681577329282
0 0.6168639500935872 0.447185120759187 0.12686653137207032 0.19340147795500578
1 0.20927248795827233 0.1102513207329644 0.0276668389638265 0.09393776787651911
2 0.942510303413078 0.38933596231625683 0.060556251694351165 0.10410237188079612
0 0.38722397476340703 0.4865054328776726 0.045741324921135626 0.12057483350858746
0 0.31861198738170343 0.4780932351910269 0.047318611987381694 0.10935856992639323
