1 0.38837194442749023 0.6816879413746021 0.18125197092692058 0.6224526581940828
0 0.15073936474436084 0.47063327472417976 0.08968846294030033 0.12753673383657335
0 0.029012934476544544 0.44505541962236833 0.054362841666559546 0.0785096605409877
2 0.2846621116002401 0.3077063383879485 0.10486642519632977 0.1178903650354456
0 0.8344625155131021 0.5115394874855324 0.08580671946207681 0.11596498842592591
2 0.11672475735346476 0.3315991860848886 0.08652824560801188 0.10740031489619502
2 0.03268093268076579 0.3471130256104628 0.06536186536153157 0.09796389225334586
2 0.7507019127204967 0.31718302322389474 0.07773556032391335 0.12208793676683656
2 0.938467265830055 0.3728610870757105 0.05206921895345052 0.0928682115342882
2 0.5516250014681171 0.296134206983778 0.13030663338870754 0.14081959194607196
0 0.6109955469767252 0.44840528700086807 0.09532101949055988 0.15359395345052082
