2 0.06513658165931702 0.3500801086425781 0.09064544439315796 0.11005282931857639
0 0.7816001892089843 0.5223358274634329 0.06892051696777309 0.1515129696391068
2 0.7135213153971484 0.3572341918945311 0.09234719622398431 0.11442498101128473
2 0.8245719518571245 0.3954769602946163 0.0567205735937653 0.07489307348744062
2 0.4913886428255387 0.3280375869185834 0.12079817233401532 0.12759961728696476
0 0.36197048271492094 0.5196447649881208 0.05853780953039216 0.19464346895374982
2 0.24684542586750788 0.3224675779880827 0.11198738170347003 0.123378899404136
0 0.29495268138801256 0.4949176305643183 0.05678233438485801 0.13739922888187878
0 0.11198738170347003 0.493515597616544 0.05993690851735016 0.1289870311952331
0 0.580441640378549 0.4949176305643182 0.06940063091482643 0.14300736067297584
0 0.6506309148264984 0.5075359270942867 0.04889589905362776 0.12337889940413603
