1 0.686562442779541 0.5272972530788845 0.1140048344930013 0.4734016418457031
1 0.21602660020192466 0.5147552631519459 0.13091944058736166 0.6170637060094762
1 0.8217134475708008 0.5424324035644531 0.12033093770345053 0.39071502685546877
2 0.3973731676737468 0.1686943901909722 0.07964903513590495 0.08383546052155672
1 0.043328173955281574 0.5451308073820891 0.08665634791056315 0.48655768500434027
2 0.0716839611530304 0.3480561009159795 0.0849613070487976 0.10865176165545427
1 0.94310302734375 0.5197907200566045 0.06231842041015625 0.3336218657316985
2 0.4953857421875 0.3188780890570746 0.1183831532796224 0.14466716625072337
0 0.12172098954518637 0.5077598995632596 0.0996321201324463 0.18461617363823785
0 0.32035042740694464 0.512530975261572 0.07758033654165837 0.264514372217584
0 0.5788643533123029 0.4949176305643182 0.06309148264984238 0.1430073606729758
0 0.6490536277602524 0.5257623554153522 0.05520504731861202 0.09814230634419907
0 0.7831230283911671 0.5061338941465124 0.05520504731861195 0.1093585699263933
