1 0.1988393783569336 0.4966191044560185 0.14135074615478516 0.6183267098885995
1 0.696737829844157 0.48428762930410885 0.10721454620361329 0.3689041702835648
0 0.12470696767171223 0.9033753854257089 0.21999518076578772 0.1919961999963831
2 0.06971213221549988 0.3518808152940538 0.08444010019302368 0.1153837415907118
2 0.48896406491597494 0.3213196224636502 0.12424256006876627 0.13060989379882812
1 0.5730947176615397 0.10201176537407769 0.03408616383870443 0.08232680426703559
1 0.031012910604476928 0.5377702924940322 0.062025821208953856 0.4450082567003038
0 0.5847733199784433 0.47160372466096123 0.055992073516364496 0.11970419105434321
0 0.8907123401212644 0.5111986836619377 0.0677276611328125 0.09377336855287904
2 0.8277577042203597 0.3920190235543076 0.05357284545898437 0.0843655056423611
0 0.3052474021911621 0.5162656006989657 0.05460147857666016 0.08922760574905961
0 0.10529791309755804 0.5185201644228917 0.05803404814562714 0.14589652413449467
2 0.6849397145861958 0.3418214020905672 0.04738670252851104 0.07561035156250002
0 0.6348580441640379 0.5005257623554151 0.04574132492113564 0.12618296529968415
0 0.778391167192429 0.46968103750438134 0.04574132492113577 0.09814230634419907
0 0.9716088328075707 0.5248276596523944 0.03785488958990541 0.05701599228060374
2 0.26104100946372244 0.3308797756747284 0.0962145110410095 0.11777076761303885
0 0.36119873817034703 0.539782684893095 0.053627760252365916 0.1093585699263933
