2 0.7253310203552246 0.3619573946352358 0.08317674001057944 0.09818739714445891
2 0.07265239953994751 0.3538559807671441 0.09082663059234619 0.10630611843532986
2 0.24564033349355063 0.3332616170247396 0.10527408917744956 0.12276780870225695
0 0.29890164145661197 0.4939170911387592 0.04971086139057218 0.14757873877449473
2 0.49299552317798806 0.3184730440200607 0.12898079002693283 0.12604061919599105
2 0.400274263947544 0.17136811758817558 0.0811466472758103 0.08617258229006641
0 0.34700315457413244 0.5159481247809323 0.05047318611987379 0.1289870311952331
0 0.11198738170347003 0.49912372940764116 0.053627760252365916 0.11777076761303895
0 0.7831230283911671 0.5019277953031895 0.06466876971608841 0.0953382404486505
0 0.8903785488958991 0.508937960042061 0.045741324921135626 0.06449351559761653
