1 0.7469744046529135 0.47906621297200513 0.13153680165608725 0.6081449720594618
2 0.12145303684579584 0.3303651597764755 0.07715211315736659 0.09735836452907981
1 0.4793164094289144 0.4244307412041558 0.15856777826944987 0.45899340311686193
2 0.2926969051361084 0.29117190043131513 0.09536046981811523 0.11529074774848089
0 0.10887331837233943 0.4933244337279571 0.039662536937982246 0.09958953144311053
1 0.09581375554533028 0.4936004214816618 0.10810641377506185 0.40483610365125827
2 0.02414242923259735 0.3568737312599465 0.04699721932411194 0.08552723637333623
2 0.5754259182702356 0.2934115657099973 0.10913631246669069 0.10564264368127892
0 0.6324921135646688 0.47809323519102703 0.06624605678233436 0.1710480196284613
0 0.8611987381703469 0.5047318611987381 0.06940063091482657 0.14020329477742727
0 0.32334384858044163 0.43743427970557297 0.05047318611987375 0.12337889940413603
0 0.39589905362776023 0.4458464773922187 0.06309148264984224 0.1345951629863302
0 0.13958990536277602 0.4822993340343498 0.03627760252365931 0.10655450403084472
0 0.02681388012618297 0.4893094987732212 0.03785488958990537 0.09814230634419907
