1 0.7210110664367676 0.9021455270272715 0.20008487701416017 0.189924395525897
1 0.5801807403564453 0.10519286261664497 0.04263496398925781 0.08315056694878473
1 0.6945844332377117 0.48052273503056275 0.1057577133178711 0.35736883657949936
2 0.48964433670043944 0.3203049553765191 0.1247171401977539 0.12970055474175346
0 0.8873512268066406 0.5031767103407118 0.06599998474121094 0.09604085286458335
0 0.5871372319671758 0.4677301967766592 0.06287361199171336 0.1358458595529923
2 0.828975328912745 0.3892851057029214 0.04906539916992188 0.08237330118815106
2 0.0784912237421571 0.33462157772584333 0.10119385896044954 0.14909400953312246
1 0.20696493468700772 0.43388154076309815 0.16471851290713851 0.3942995276653349
1 0.1314827634458412 0.7482899418583616 0.2610337641963699 0.49642639160156243
0 0.6419558359621452 0.5019277953031896 0.050473186119873864 0.10655450403084472
0 0.77602523659306 0.4766912022432528 0.04416403785488953 0.09533824044865057
0 0.9763406940063092 0.5229582895198037 0.037854889589905266 0.06449351559761646
2 0.2570977917981072 0.32947774272695407 0.10094637223974764 0.10375043813529615
