1 0.49076617558797203 0.460047361585829 0.11669050852457681 0.5523628234863281
1 0.7636851946512858 0.47642274079499414 0.11354236602783203 0.5477558277271412
1 0.10671272277832031 0.882587319833261 0.21342544555664061 0.23121501781322337
1 0.0701798388258516 0.48334627504701944 0.09787970604580662 0.4511186387803817
2 0.29322365919748944 0.2929554762663665 0.10342555046081543 0.12919004934805411
2 0.1176843049899762 0.33354113543475117 0.07902719919363155 0.10055168999565973
1 0.9478916168212891 0.49192331102159287 0.09363174438476562 0.42285029093424487
1 0.7364790598551433 0.09328619285866066 0.03137283325195313 0.09996766690854673
0 0.6124643161344483 0.4639452747853508 0.08023350231279021 0.15801829585322627
2 0.5703982194264731 0.2819952646891276 0.11182514826456708 0.12551261054144966
0 0.8631682949487346 0.5012725203431984 0.07006500617186773 0.14691830205087314
0 0.387223974763407 0.4865054328776726 0.05835962145110415 0.14861549246407293
0 0.14984227129337538 0.48790746582544686 0.05047318611987384 0.08412197686645623
0 0.11119873817034703 0.48510339992989837 0.03627760252365931 0.07851384507535925
