2 0.7085599263509114 0.3532094884801794 0.08836135864257813 0.11561516655815972
0 0.7697999954223633 0.4711096869574653 0.08219108581542969 0.10484992133246526
0 0.12085583209991455 0.5309426625569661 0.08069615364074707 0.12222247653537327
2 0.0739009459813436 0.3506110156023944 0.09081215858459472 0.1142546194571036
2 0.24855698744455976 0.3337040795220269 0.11033981641133626 0.1500811258951823
0 0.5654600227668836 0.4580150266411787 0.06849061743318077 0.13976103065866058
0 0.35477673032181 0.5154919583881857 0.05063535467683326 0.18033859621964574
2 0.8255996601814728 0.3882164576410453 0.051269912719726564 0.09475221987123844
0 0.29714576022231365 0.5043737216953477 0.05252857759798615 0.16085296017584003
0 0.8840694006309149 0.5019277953031895 0.04889589905362783 0.0953382404486505
