2 0.028816929036510484 0.35634334656467703 0.05368595634725192 0.09728837091798241
2 0.7654086904194831 0.3367595500569432 0.06844075921958122 0.09699533041120502
2 0.289785901705424 0.30411084493001306 0.10094145139058432 0.10891545613606772
2 0.11682008902231851 0.34291003191912606 0.06911320686340332 0.08241509331597222
0 0.6250538117502014 0.45993267375323393 0.06370230382925329 0.13629481389932327
2 0.5617339492220232 0.2938030596132628 0.1277014494694368 0.12158108463993775
0 0.32673657103417164 0.4351784701993051 0.05015712280754792 0.11505956617467447
0 0.40615141955835965 0.4248159831756047 0.05520504731861202 0.1373992288818787
0 0.8564668769716088 0.49631966351209256 0.06309148264984231 0.11216263582194187
0 0.14905362776025238 0.4907115317209948 0.06151419558359625 0.09533824044864973
0 0.11277602523659307 0.4724851033999299 0.04258675078864353 0.10935856992639323
0 0.03154574132492114 0.4794952681388013 0.05047318611987382 0.08973010865755349
