2 0.6634517669677734 0.2060307043570059 0.08970387776692706 0.10651882312915943
0 0.7233736038208007 0.3206347288908782 0.07192153930664062 0.11343963057906539
0 0.8448140144348144 0.32818514506022134 0.06826457977294922 0.09573423597547742
0 0.5452249099779579 0.3568345652073397 0.06640184484696439 0.11466612639250558
2 0.04305521619558084 0.37536308951767283 0.08611043239116167 0.15440772531578262
1 0.07036067644755045 0.7864574573658131 0.1407213528951009 0.42708508526837385
0 0.10657224655151368 0.5191242500587746 0.13782869974772136 0.19321693137839988
0 0.3056525913448113 0.4503300316159114 0.101475993792216 0.15545281304253472
2 0.4418052113770687 0.23348106239872396 0.13100223721765927 0.14130278091617846
2 0.20662460567823346 0.3028391167192429 0.11671924290220823 0.14020329477742727
0 0.613564668769716 0.35050823694356814 0.056782334384857976 0.123378899404136
2 0.776813880126183 0.2103049421661409 0.04889589905362783 0.07851384507535926
