1 0.20133895476659142 0.7510183546278212 0.24337743918100993 0.4017264472113715
1 0.6024178504943847 0.4498631795247396 0.09713497161865234 0.23824903700086802
0 0.6031561851501465 0.5877341376410591 0.09591464996337891 0.11814857765480324
1 0.31439297993977866 0.3516900663022642 0.06107254028320312 0.14397111115632233
2 0.26408851146698 0.39044316609700525 0.04363503456115723 0.09915907118055556
2 0.6427051862080891 0.425464121500651 0.06191590627034505 0.13192460801866318
1 0.11142187118530274 0.31384008902090565 0.02211761474609375 0.0749230844003183
0 0.33445329666137696 0.454142916644061 0.0738821029663086 0.07122782954463253
2 0.20039352575937908 0.5211479328296802 0.06995774904886881 0.11480342723705149
1 0.04238682985305786 0.39163123236762154 0.037083220481872556 0.11462860107421875
0 0.2755232413609823 0.6328367162633826 0.08081781069437662 0.08451815004701968
1 0.77940460840861 0.3127725954408999 0.032733217875162764 0.09732581244574653
1 0.3687448024749756 0.29092386033799916 0.04354257583618164 0.21256773206922744
2 0.09671855568885804 0.3940365685356988 0.06368211507797242 0.07875289916992187
0 0.5331230283911672 0.46547493866105855 0.03785488958990534 0.07851384507535926
0 0.5070977917981072 0.37153873116018227 0.03627760252365931 0.036452856642131055
0 0.3675078864353312 0.3308797756747283 0.034700315457413214 0.01682439537329131
2 0.7531545741324922 0.6154924640729057 0.07097791798107252 0.13179109709078168
