2 0.7133813222249349 0.35901268853081597 0.09200668334960938 0.11846607349537037
2 0.07143553694089254 0.35333852414731626 0.09055907328923544 0.12289838437680844
0 0.772966253519309 0.5068901213102075 0.07061132637609571 0.12127258669816081
2 0.49003704388936364 0.3125282570167824 0.11903988520304361 0.1212188720703125
0 0.3631093488506714 0.5053853388520125 0.0589367797322077 0.15204978931283047
0 0.5802817048835955 0.46649695502387173 0.05042445306146174 0.11952582465277746
0 0.889862384655749 0.5154307274830121 0.05232481610511774 0.06521025456088589
2 0.24744589351329138 0.32609141285501075 0.12434699322272316 0.11554108980813743
0 0.30047318611987384 0.4991237294076411 0.052050473186119925 0.15702769015071852
0 0.11277602523659304 0.49631966351209256 0.04574132492113565 0.1345951629863302
