1 0.710721206665039 0.5538287268744575 0.15629806518554687 0.44858440823025175
1 0.8373054800224105 0.532730695936414 0.07526811405185921 0.41672617594400935
1 0.04280306498209636 0.5487276713053386 0.08560612996419271 0.5012137518988715
2 0.3986091613769531 0.16726348311812791 0.07888196309407552 0.08052266438802085
2 0.06583173076311746 0.3472134908040364 0.07123103539148966 0.09905615912543403
0 0.3072105629336315 0.5114586700107858 0.07702761649082637 0.17553716392797875
2 0.4953743934631348 0.3205091688368056 0.1216653823852539 0.14211832682291667
0 0.11275595426559448 0.5395852466988388 0.07255785465240479 0.1174741956922743
1 0.9381609598795574 0.5259422019675926 0.069482421875 0.3203332971643518
1 0.18621790011723838 0.5059090084499783 0.17940733432769776 0.6645620557996962
2 0.7029992421468099 0.356883790757921 0.06252950032552083 0.10544526841905383
2 0.8939033508300781 0.42291463216145836 0.040163421630859376 0.05981580946180556
0 0.5749211356466877 0.4921135646687697 0.06466876971608833 0.13739922888187878
0 0.6506309148264984 0.5173501577287065 0.06466876971608819 0.14861549246407285
