2 0.11901867676733918 0.34240714179144965 0.08017439268114186 0.11274973551432294
2 0.5521493157127053 0.29703623453776035 0.13168338942101565 0.13397199842664928
0 0.6069995880126953 0.45432070979365596 0.11353403727213542 0.181804770010489
2 0.027254766225814818 0.35266911541974105 0.05422145128250122 0.11077674583152489
2 0.9409857760969897 0.37064627384328863 0.052074432373046875 0.09295467800564236
0 0.10731157542027138 0.46817798046241754 0.035846604458541105 0.09803529550628368
0 0.8364294370015461 0.4976758321126302 0.07961877187093098 0.09173092312282986
0 0.29908335622552806 0.449584954786919 0.06709468191730503 0.14361679250077816
0 0.043882065018018085 0.4909959722448278 0.07418715755144754 0.12799770213939526
2 0.7526271428971636 0.3184892098861037 0.06936307078781706 0.10226336395730766
0 0.3809148264984227 0.46547493866105855 0.06151419558359621 0.16263582194181567
0 0.14668769716088328 0.4893094987732212 0.047318611987381715 0.12057483350858739
