1 0.16146512031555177 0.5092655747025101 0.2062392234802246 0.6154237252694589
1 0.8911741256713868 0.339484652766475 0.07640495300292968 0.31314178749367044
1 0.7339580535888672 0.7396999217845776 0.33661537170410155 0.4987857394748264
1 0.7930740992228189 0.35338767722800923 0.06742439270019532 0.396527099609375
1 0.6502899169921875 0.3743996796784577 0.10001958211263022 0.4524000944914641
0 0.33727041679727293 0.45282469146760607 0.0680199860774379 0.16520361442935833
1 0.9531425467048911 0.4800957880868073 0.09371490659021812 0.3489661371726026
0 0.5443988763947588 0.3576493244636893 0.07612828075196422 0.13984494000370365
2 0.4416403785488959 0.23834560112162634 0.13249211356466872 0.123378899404136
2 0.22239747634069398 0.28601472134595163 0.09779179810725552 0.10655450403084472
0 0.2752365930599369 0.4444444444444444 0.048895899053627796 0.11496670171749038
0 0.7460567823343848 0.34490010515247105 0.053627760252365986 0.11216263582194184
0 0.8525236593059938 0.30844724851034 0.03943217665615137 0.08973010865755349
