1 0.19922715425491333 0.5057379404703777 0.1392322301864624 0.603837161593967
1 0.8387052536010742 0.5045030381944444 0.09822120666503906 0.37381490071614576
1 0.6829013506571452 0.5094504886203342 0.10400905609130859 0.4941954718695747
2 0.0807274198463161 0.3359213192923378 0.10192243177306638 0.13277314510673027
1 0.03889209429423014 0.5751235538058811 0.07778418858846028 0.462725575764974
1 0.7199581710823453 0.878281995985243 0.22224694722333063 0.24343600802951385
2 0.48759686152140297 0.3137195728443287 0.1257839838663737 0.12940221715856481
2 0.25239921694172923 0.3349417969366842 0.11264204412354034 0.13164465862229174
0 0.9717880700288885 0.5373930507570325 0.034341841014777684 0.0738565989807535
1 0.940073281658183 0.48018186288203535 0.05786271922595816 0.23560905318377742
0 0.8892437637040294 0.521736479557651 0.04069238897377759 0.09071520548973258
0 0.7752365930599371 0.499123729407641 0.06151419558359621 0.1121626358219418
0 0.5749211356466877 0.4752891692954785 0.06466876971608833 0.14300736067297584
0 0.6372239747634069 0.4921135646687697 0.05047318611987379 0.11496670171749031
0 0.35646687697160884 0.508937960042061 0.056782334384858045 0.1093585699263933
0 0.29652996845425866 0.5061338941465123 0.04416403785488958 0.1205748335085877
0 0.09779179810725554 0.5229582895198037 0.050473186119873815 0.12057483350858746
