0 0.8414698918660481 0.46603410508897575 0.07655754089355468 0.11564884892216436
2 0.758727022526016 0.3391614278157549 0.08902521825363215 0.11829025833695012
0 0.047891092300415036 0.4850466269033927 0.08546361923217774 0.12206892790617767
0 0.13734500055621468 0.49880527612664105 0.08441066484346002 0.1771074933500988
2 0.9412138314151862 0.38415753952545145 0.05975042758303842 0.10757450835144035
0 0.6243471103511772 0.5483612522286134 0.07284381437251515 0.32357369882089104
2 0.11836848656336466 0.3341434902615017 0.07701167265574137 0.09789875171802662
1 0.3292531079925071 0.4768301022834118 0.07175542734148141 0.15583204475988546
2 0.5544164037854888 0.30283911671924296 0.1309148264984227 0.11777076761303892
2 0.2799684542586751 0.30844724851033994 0.1056782334384858 0.11777076761303885
