2 0.28680866123123255 0.30006244346100763 0.11753323612152956 0.11020354119287563
2 0.02713367914160093 0.35496519583242914 0.04979322801033656 0.09397048950195312
0 0.6221450764047359 0.4562351048974624 0.05596991868926682 0.12758479019737357
2 0.76287338726152 0.33391716764663776 0.06865848818035906 0.10431572439124866
2 0.11296480410231897 0.3396037495182223 0.07205956949921928 0.08836384427952751
2 0.5554710865020752 0.29279946221245656 0.11343717575073242 0.12461395263671875
0 0.8564668769716088 0.4949176305643183 0.06309148264984231 0.12618296529968462
0 0.3982649842271293 0.43182614791447604 0.08044164037854891 0.15141955835962143
0 0.32413249211356465 0.4332281808622503 0.05835962145110411 0.11496670171749045
0 0.15299684542586756 0.4865054328776726 0.06309148264984238 0.10935856992639359
0 0.11041009463722398 0.4724851033999299 0.0441640378548896 0.11496670171749038
0 0.028391167192429023 0.4822993340343498 0.04416403785488959 0.08412197686645641
