1 0.7387682914733886 0.4811969757080078 0.11202449798583984 0.5193694220648871
1 0.9262435913085938 0.518438000149197 0.13207740783691407 0.43097067938910594
1 0.487777582804362 0.48366507071035886 0.09919776916503906 0.542670581958912
1 0.0877056082089742 0.483171307599103 0.12935012976328533 0.4595446551287615
2 0.2830027055038389 0.30362918995044835 0.11523784969381982 0.11900583902994785
2 0.1209071199099223 0.3336256380434389 0.07319792906443277 0.10038076330114293
1 0.9114805221557617 0.7761573791503906 0.17660484313964844 0.44768524169921875
0 0.8352115631103516 0.5004116058349609 0.09281489054361979 0.13940641615125868
0 0.3245225917403005 0.4643215905479325 0.04967444045811902 0.15077915505864878
0 0.616916020711263 0.4254370795355903 0.10510940551757812 0.12592490867332176
0 0.3932864112432823 0.4567906775141949 0.06551277118526395 0.20913223122196636
2 0.5418475310007731 0.32157663415979454 0.0640796979268392 0.06547472918475115
0 0.1364353312302839 0.4668769716088328 0.07728706624605679 0.13179109709078163
