1 0.7005724906921387 0.5254962921142579 0.1332296371459961 0.4865338643391927
1 0.8888475953592483 0.8004873825520719 0.18069218415943236 0.39902523489585495
1 0.19538317918777465 0.5032850901285808 0.13656919002532958 0.5997242397732205
1 0.0406976302464803 0.5385403244583695 0.0813952604929606 0.480348233823423
1 0.9296751976013183 0.5272684733072918 0.08390216827392578 0.31120368109809027
1 0.8382432619730631 0.5018354486536096 0.0925118128458659 0.40578457867657697
2 0.07247468829154968 0.34979742544668696 0.08591500520706177 0.10668453640407986
1 0.08389930526415507 0.9347414935076678 0.16720683177312215 0.13051701298466437
2 0.4925908247629801 0.3187860276963976 0.12155154546101889 0.13337656656901042
0 0.8882225036621094 0.5147021823459201 0.0624420166015625 0.07173111527054399
2 0.2548521041870117 0.3320704424822772 0.10792045593261719 0.1319795396592882
0 0.7925867507886436 0.5047318611987381 0.04889589905362783 0.1289870311952331
0 0.5914826498422713 0.4907115317209954 0.07570977917981069 0.14020329477742727
0 0.3233438485804417 0.4991237294076411 0.07886435331230288 0.1514195583596215
0 0.11198738170347003 0.5089379600420609 0.047318611987381694 0.13179109709078168
