1 0.057356373469034834 0.5371577227557147 0.11471274693806967 0.5063434176974826
1 0.9407577514648438 0.5232347982901114 0.08288688659667968 0.3071156537091291
1 0.8569628547042705 0.4179074404743566 0.05546783002017101 0.2597406621987137
1 0.18555087645848595 0.5454173759177879 0.11111807028452554 0.5428834420663339
1 0.6676089286804199 0.8726411607530383 0.25112018585205076 0.23879903157552082
2 0.4937013943990072 0.31618512471516924 0.12544104258219402 0.13614747789171006
2 0.7084610303243002 0.35762812296549484 0.08712571461995443 0.10909655535662616
1 0.5982820828755696 0.1434024210329409 0.05348351796468099 0.12222824803105108
0 0.09423043727874755 0.4765049121997974 0.0854677677154541 0.10500770851417825
0 0.5969000816345216 0.4481462125424986 0.10294780731201172 0.16032355979636864
1 0.7752365930599372 0.5776375744829998 0.13722397476340736 0.39256922537679706
0 0.3052050473186119 0.5019277953031896 0.052050473186119856 0.15702769015071866
