2 0.7110017776489258 0.35721883420591 0.08711585998535157 0.10777811121057582
2 0.07296087344487509 0.3500709109836155 0.08916561603546143 0.11639429728190104
0 0.8825593948364258 0.4968734599925853 0.06805534362792968 0.08496040061668113
2 0.8224551282094481 0.3891887617997024 0.05592579164715579 0.08053198011139584
2 0.2469594081242879 0.33462544193974253 0.10908805529276529 0.13521948920355903
2 0.48830294975096245 0.3151702880859374 0.12475925349286655 0.11659749348958327
0 0.10878340456513325 0.49491508716539134 0.06934929780278176 0.1512340605823023
0 0.29782605053373173 0.5033229343856881 0.06544468159680641 0.13775586924802
0 0.5772893107213182 0.4712989679214648 0.06642888320607968 0.13189827345954946
0 0.6458990536277602 0.4949176305643183 0.04889589905362776 0.13739922888187878
0 0.7752365930599371 0.4949176305643182 0.06151419558359621 0.10375043813529622
