2 0.07610768565494809 0.343716648608561 0.09875103014626091 0.13545386912402368
2 0.8303109918106995 0.3835445524390188 0.05146102905273438 0.0828019036187066
2 0.4028171380360921 0.17132268834997105 0.06889918645222982 0.07710622151692709
2 0.7143052029935592 0.3516441587226833 0.08784256382570196 0.09986616469582796
0 0.579147605815771 0.46537921534254245 0.06077264771727219 0.12249190620986625
2 0.48499076975632893 0.3110532080044965 0.12025979941575725 0.12689120883988442
2 0.25398976990853184 0.3370766488284845 0.12202179785406564 0.12723138904805498
0 0.3556782334384858 0.5229582895198037 0.045741324921135626 0.12618296529968454
0 0.2996845425867508 0.5103399929898353 0.047318611987381694 0.11216263582194187
0 0.11119873817034702 0.5019277953031895 0.05205047318611987 0.11777076761303895
0 0.7807570977917981 0.4907115317209954 0.050473186119873927 0.07851384507535933
0 0.892744479495268 0.5159481247809323 0.04416403785488953 0.08973010865755349
