0 0.6096467018127442 0.4496094597710503 0.11875553131103515 0.19354298909505208
2 0.11646471818288168 0.3326175265842014 0.08114113807678222 0.09731162742332175
0 0.04301408529281616 0.47495016875090423 0.07552144527435303 0.11258293434425637
0 0.8429237365722656 0.48960076791268803 0.06655960083007813 0.09307720043041089
0 0.3624165909523468 0.49530212463849566 0.09028959274291992 0.12594477335611978
2 0.7579518124633533 0.33526178995768224 0.08894816136886646 0.11495140923394084
1 0.2975264231363932 0.10892974005805123 0.041486167907714845 0.09864010281032985
2 0.9433475085237424 0.38077312647314426 0.04892234802246094 0.0868838840060764
0 0.10869829782552155 0.4631556816114444 0.035193012189413786 0.10480928257227903
2 0.2799684542586751 0.30564318261479145 0.09936908517350154 0.11216263582194184
0 0.13406940063091483 0.5215562565720294 0.041009463722397485 0.09533824044865057
1 0.46293375394321756 0.3841570276901507 0.14668769716088315 0.3589204346302141
