1 0.20016837120056152 0.7734615184642649 0.25692033767700195 0.4406558566623264
1 0.6070859909057618 0.45008269415961366 0.08534380594889322 0.23040779961480035
1 0.31101160049438475 0.35295021622269246 0.061556434631347655 0.15384840788664642
2 0.2633800983428955 0.3917004903157552 0.04222955703735352 0.0960201687282986
0 0.6065871556599934 0.5907986958821615 0.10082359313964843 0.1089048597547743
0 0.33429994583129885 0.45335608588324644 0.07361698150634766 0.06924675835503472
2 0.1992577075958252 0.506913149798358 0.06736135482788086 0.11876896045826099
1 0.037787210941314694 0.4504419962565105 0.0577484130859375 0.12114054361979167
2 0.09937437772750854 0.39397566053602434 0.060465884208679196 0.07082434760199653
1 0.8999122619628906 0.36885984915274156 0.03825950622558594 0.17367675216109663
1 0.11361486911773681 0.32213692841706454 0.02710881233215332 0.0592616045916522
0 0.27744741439819337 0.6482243855794271 0.08096275329589844 0.09047071668836805
2 0.5764905547494016 0.33963923703316323 0.041976184423789524 0.10042679202042684
1 0.938235092163086 0.41033367580837676 0.02696533203125 0.11913926866319445
0 0.5339116719242902 0.45706274097441296 0.048895899053627685 0.08973010865755349
0 0.5149842271293376 0.3645285664213109 0.05205047318611989 0.03925692253767963
0 0.3635646687697161 0.32527164388363133 0.026813880126182993 0.03364879074658255
2 0.7539432176656152 0.6154924640729057 0.06309148264984231 0.12057483350858746
