1 0.7461771965026855 0.511777835422092 0.12332096099853515 0.5429638332790798
1 0.4682091554005941 0.4939697265625 0.15343891779581706 0.5771250406901042
1 0.9256738662719727 0.5178573184543186 0.13206863403320312 0.42955262925889753
2 0.28716068267822265 0.30268385145399307 0.10668468475341797 0.12159016927083334
1 0.06469844579696656 0.5144041273328993 0.12390773296356201 0.4595984564887153
0 0.8395044644673666 0.49505920410156246 0.08316834767659503 0.12779586226851852
2 0.130521821975708 0.32790475068268954 0.05842180252075195 0.09771171852394386
0 0.6247174569860995 0.46949690274928196 0.10943775177001953 0.11983252631293405
0 0.32334384858044163 0.46126883981773575 0.053627760252365916 0.13739922888187878
0 0.38801261829653 0.4921135646687697 0.05047318611987372 0.13739922888187878
0 0.1411671924290221 0.4893094987732212 0.08675078864353314 0.1373992288818787
