2 0.11541228691736859 0.3369762420654297 0.08638892968495687 0.10870318942599827
2 0.030900469864204486 0.3506773070540296 0.06160002439180008 0.1085003595790066
0 0.6080785751342774 0.4526843742088035 0.11314735412597657 0.17772677386248553
2 0.5517993223529258 0.296423057273582 0.13238301512821524 0.13605222348813648
0 0.3020546377143899 0.4390268162013019 0.05742435786250275 0.1515522235380544
2 0.9392885803800277 0.38138408961732295 0.049847412109375 0.09235602484809027
0 0.8370443344116211 0.49643595660174333 0.07869377136230468 0.09219933969003183
0 0.14421184962981637 0.5063952325980701 0.038948455192814604 0.09181817365954625
0 0.04374798536300659 0.4905989752875434 0.07346394062042236 0.12986467149522568
0 0.10725552050473187 0.4865054328776726 0.031545741324921134 0.10375043813529615
2 0.7547318611987381 0.33648790746582546 0.07097791798107267 0.10655450403084472
0 0.3769716088328076 0.45986680686996145 0.06624605678233436 0.16263582194181567
