1 0.07609106302261352 0.4814140602394387 0.09793593883514404 0.4594969572844329
1 0.47660531997680666 0.4456427962691696 0.14271373748779298 0.4663103456850405
2 0.1263040781021118 0.33456946478949645 0.06964726448059082 0.11122877332899306
2 0.2887378374735514 0.2984549628363715 0.1065127690633138 0.12145334879557292
0 0.8523904902701872 0.49754820131840505 0.06689278395018027 0.13849232599325487
1 0.09591237107912697 0.8835876636881739 0.19126391013463334 0.2232790002422861
2 0.7569948274630478 0.33115627931955194 0.07766372488124111 0.1099365598061525
0 0.6153815823022495 0.4497669125483516 0.07271555650873555 0.14110342864330622
2 0.576866813463117 0.29461946539795814 0.09445124585044425 0.11660510875560616
0 0.3276271001773678 0.4352755179652013 0.05145331782873501 0.12505967293628067
0 0.37933753943217674 0.4738871363477042 0.055205047318611956 0.1345951629863302
0 0.11514195583596215 0.4710830704521557 0.041009463722397485 0.08412197686645634
0 0.14353312302839114 0.48510339992989837 0.04416403785488958 0.08412197686645641
