2 0.11684706211090087 0.33382767571343314 0.08063613573710122 0.10106480916341147
0 0.610187530517578 0.44988387778953265 0.11699269612630209 0.1933592337149161
0 0.04290092488129933 0.4748003924334491 0.07573210994402567 0.11309769241898149
2 0.02889400323232015 0.34123957598650895 0.056308046976725264 0.12306792647750289
2 0.940990206119766 0.37195979217625563 0.049483871459960936 0.08630591498480902
0 0.8426101684570313 0.4923124666567202 0.06624908447265625 0.09489731965241609
0 0.36560678482055664 0.47041973537868925 0.12195396423339844 0.15505794949001736
2 0.8643818855285644 0.3673755221896701 0.05247478485107422 0.08277503119574653
2 0.757546055830866 0.3342912462022571 0.08887085017094934 0.11624908447265621
0 0.13420471458154282 0.5298585987325051 0.04046385832264091 0.10308504850038006
0 0.10883280757097792 0.48089730108657563 0.028391167192429016 0.08131791097090776
2 0.2799684542586751 0.3014370837714686 0.1056782334384858 0.09253417455310199
1 0.47949526813880106 0.37574483000350484 0.12618296529968445 0.3364879074658252
