2 0.708740520477295 0.35282249450683595 0.08785991668701172 0.11525090535481769
0 0.769261360168457 0.47077041908546735 0.08436203002929688 0.10469917014793113
2 0.07372022867202759 0.3502726660834419 0.08901301225026449 0.11335644192165799
0 0.12008612950642904 0.5319060290301287 0.07958094278971355 0.12237546002423322
2 0.24803188641866047 0.3318809933132595 0.1094340960184733 0.15128775702582464
0 0.35455579577184226 0.5102660733916128 0.053803280249755184 0.14642291794955287
0 0.2986444789653822 0.5094577680111544 0.050951208702271794 0.17405381798256733
2 0.8285086188531952 0.38800580253917516 0.06276826166580138 0.08823866556147329
0 0.6121261596679688 0.46034291585286463 0.09889411926269531 0.13002183702256945
1 0.8764013926188143 0.47768960813033595 0.0615951538085937 0.1287230159930228
