1 0.213728666305542 0.541179445054796 0.15173254013061524 0.6226822747124566
1 0.6832544008890789 0.5032649146185981 0.11349544525146485 0.4688058641221788
1 0.03633291721343994 0.550224855211046 0.07266583442687988 0.48250486585828994
2 0.0745069960753123 0.3544571346706814 0.09282910426457723 0.11698566012912327
1 0.9235875765482585 0.5143630981445313 0.10753612518310547 0.3240034315321181
1 0.8373327255249023 0.5079640565095125 0.0972015380859375 0.3942241809986256
2 0.4950057787850076 0.3122193089237919 0.13785968684247624 0.13837831285264757
0 0.36920876247273626 0.5096397638794469 0.07023337391272713 0.15897666502394409
0 0.5839200555338092 0.46329290454863153 0.05492529342603223 0.14978114842449333
0 0.7722726257316195 0.5078264126586557 0.06842619176918827 0.0940035885412957
2 0.2516071240107218 0.33520944383409296 0.09139450391133624 0.16791102091471355
1 0.5866135279337564 0.10638357445045754 0.02851613362630208 0.07980591809308088
2 0.3992528705316134 0.1711408559846216 0.08037367889933755 0.08710680668676324
1 0.4638493378957112 0.1486473966527868 0.05843629837036133 0.10011646835892289
0 0.6427444794952681 0.4710830704521557 0.048895899053627616 0.1289870311952331
0 0.8888012618296528 0.5257623554153524 0.048895899053627435 0.08692604276200507
0 0.10410094637223974 0.5271643883631266 0.050473186119873815 0.1514195583596215
