1 0.735841178894043 0.4883277186640987 0.1148400624593099 0.5168839913827402
1 0.5168460845947266 0.5257914083975332 0.2108978271484375 0.5365187185781973
1 0.06660695075988769 0.5127195994059245 0.12586698532104493 0.4570460849338108
2 0.29447225729624427 0.29690191480848527 0.10255392392476398 0.11843304104275174
0 0.8340267181396485 0.49249667414912474 0.08053487141927083 0.11316293787073206
0 0.6243081410725911 0.5061336234763817 0.08579788208007813 0.10955915097837093
2 0.11481547753016154 0.3285233815511067 0.07808159987131755 0.08716201782226562
1 0.9612709045410156 0.5105933295355903 0.07619209289550781 0.44860772026909723
0 0.3154574132492114 0.46267087276551 0.05678233438485808 0.12337889940413603
0 0.3864353312302839 0.4865054328776726 0.056782334384858045 0.14300736067297584
