1 0.7112327257792154 0.897073703342014 0.19877071380615235 0.19413316514756945
1 0.1997544805208842 0.4965571156254521 0.14167056878407797 0.6153008213749638
1 0.6956576029459636 0.4845631634747541 0.10508346557617188 0.36314985487196183
0 0.12358847856521607 0.9047355651855469 0.22304923534393312 0.1900026109483507
1 0.574632167816162 0.10341665479871961 0.03934535980224609 0.08356806437174479
2 0.4888939698537191 0.31923980712890626 0.12449680964152017 0.13232896592881943
2 0.06867204705874125 0.35127762688530817 0.08084519306818644 0.1117018805609809
1 0.04214066565036774 0.5630943722195095 0.08368374705314637 0.4982436286078559
1 0.3076863288879394 0.12237598631117079 0.02951507568359375 0.10026883019341362
0 0.5876026911690407 0.4642265012740866 0.07291240511632469 0.14596074939205878
0 0.8917803917773516 0.508551467430203 0.06762886047363281 0.09592403835720485
2 0.8287863106632334 0.3992326342679307 0.05095405578613281 0.08326331244574653
0 0.3050519625345869 0.501979523560811 0.05322386423746751 0.12768598597299544
0 0.10884296264808889 0.5165876524263712 0.05092535239539564 0.149118341766154
0 0.36198738170347 0.5285664213109008 0.052050473186119814 0.1373992288818787
0 0.971608832807571 0.5313704872064494 0.04731861198738173 0.07570977917981075
0 0.7776025236593059 0.478093235191027 0.04731861198738173 0.1093585699263933
2 0.2563091482649841 0.32386961093585703 0.09621451104100971 0.10375043813529611
