1 0.6062999575922795 0.6677158214427809 0.25466286150815004 0.5874481766312211
2 0.06505892276763917 0.349048105875651 0.0913176695505778 0.110516357421875
1 0.9563117980957031 0.5487606331154151 0.08422088623046875 0.2447358590585214
0 0.880792236328125 0.49758241441514756 0.0630048116048177 0.08875952826605901
2 0.8319858551025391 0.3989346539532697 0.05946769714355469 0.09960666232638889
2 0.4906465990686263 0.32803144101743326 0.1202734914111793 0.130495368109809
0 0.3580441640378549 0.5187521906764809 0.053627760252365986 0.17946021731510683
0 0.29652996845425866 0.4893094987732212 0.05993690851735021 0.12618296529968462
0 0.11198738170347004 0.49211356466876977 0.0662460567823344 0.13179109709078168
0 0.778391167192429 0.5061338941465124 0.05520504731861209 0.13739922888187878
2 0.24605678233438485 0.3266736768314055 0.11987381703470028 0.12057483350858746
