1 0.07381590008735657 0.5792772505018445 0.0972225546836853 0.2771649678548177
2 0.7232032775878906 0.259074698554145 0.10911321640014648 0.12901416354709203
2 0.887000560760498 0.28923683166503905 0.08100166320800781 0.1098446316189236
2 0.7704404830932617 0.1184693654378255 0.06689624786376953 0.08666335211859807
0 0.9642460823059082 0.4477740817599826 0.06959419250488282 0.12443101671006945
0 0.847157096862793 0.43188887702094175 0.11693038940429687 0.15780325995551214
0 0.15788068771362304 0.43962576124403213 0.07399275302886962 0.10731769137912327
2 0.45050897598266604 0.24433462354871963 0.12656087875366212 0.13051037258572049
2 0.9741776466369629 0.313884268866645 0.05083122253417969 0.11136211819118923
0 0.382489013671875 0.4411592271592882 0.10862970352172852 0.13326729668511283
2 0.24269613031333187 0.2789010108415594 0.08831160076033036 0.1213297858975289
0 0.6965031423779315 0.42442705720673507 0.060253047943115236 0.10320137871636283
0 0.6056782334384858 0.4374342797055731 0.06309148264984231 0.11777076761303895
