2 0.11554990212122598 0.3370864020453559 0.08663434187571208 0.10685803448712385
2 0.026854175329208373 0.3547424881546586 0.0532396674156189 0.10270148383246527
2 0.5519890291833728 0.297122573852539 0.13400659230229223 0.13505783081054687
0 0.6086797714233398 0.4525276325367116 0.11256421407063803 0.17750586050528067
0 0.8363718032836914 0.4943608601888021 0.0791107177734375 0.09238111707899305
2 0.9390669464688949 0.3737805229799396 0.05079498291015625 0.09283859818070024
0 0.14236530851490492 0.5016203956858051 0.04155587458084051 0.08162324078409759
2 0.748226423594478 0.319696415316099 0.07987574688643652 0.09769772626429138
0 0.04397849043210347 0.4924200976336444 0.07412257591883341 0.12762770476164642
0 0.2999596977835574 0.4431711196230873 0.05774568543699891 0.11630966555558275
0 0.3746056782334385 0.46547493866105855 0.05835962145110408 0.14020329477742735
0 0.10488958990536278 0.4865054328776726 0.03627760252365931 0.09814230634419914
