1 0.6857182184855142 0.5262706332736545 0.11234855651855469 0.4750103420681423
2 0.39720233281453443 0.16835982004801434 0.07920169830322266 0.0830816904703776
1 0.05252060890197754 0.5404380515769676 0.10462784767150879 0.413814064308449
1 0.8156251907348633 0.5319221214011863 0.11441116333007813 0.411740564416956
1 0.9526023864746094 0.5383815906665943 0.09395027160644531 0.31457819055627895
2 0.2457932154337565 0.3311459294071904 0.10144437154134116 0.14196997748480902
0 0.12753124237060548 0.5162526731137876 0.10571200052897135 0.20252046938295717
2 0.4956308364868164 0.3188819037543403 0.11914482116699218 0.14340368200231482
1 0.5834797541300456 0.10760816644739223 0.04761924743652344 0.08185629668059173
2 0.0746096928914388 0.3469275580512153 0.08407169977823893 0.10804567690248841
0 0.299838993388897 0.512540014877346 0.07747874197272966 0.1672644701526603
0 0.5749211356466877 0.4851033999298984 0.061514195583596276 0.13459516298633026
0 0.6490536277602524 0.5229582895198037 0.05520504731861202 0.10375043813529622
0 0.779968454258675 0.49631966351209256 0.05835962145110415 0.10094637223974764
