1 0.7432011479960381 0.4689825835051357 0.14596960647374455 0.5982404355649591
1 0.5480116844177246 0.921263631184896 0.21616039276123047 0.15588537145543982
1 0.6240329258073392 0.5676337771945529 0.19371900408049886 0.5430653042263454
1 0.9510318756103515 0.5207138767948857 0.09741363525390626 0.434973794442636
1 0.08052621483802795 0.5049294648347078 0.14394272565841676 0.4303826791268808
2 0.2914875507354736 0.293417231241862 0.09905824661254883 0.11575698852539062
0 0.13027780055999755 0.4659466213650173 0.08656264940897623 0.10728172019675926
2 0.11818770339436334 0.3334784613715276 0.08047239441976942 0.09729461669921868
0 0.3995096990362705 0.4215975423911583 0.09914857310827636 0.127948718467094
0 0.8420907338460286 0.48562766181098094 0.07425689697265625 0.09744008382161456
2 0.31290540695190433 0.16082052301477504 0.07542648315429687 0.09564105846263744
0 0.311187421686391 0.43954791525755965 0.061167170748224205 0.1460303412543403
2 0.5556988645803288 0.2924792423776438 0.126345760739564 0.1192805095342349
2 0.9462754794099727 0.375347500736572 0.05088372576499978 0.061331279713189184
