2 0.11651262839635212 0.33277524312337237 0.08144630591074625 0.10046123928493923
0 0.6096520423889161 0.4516600149649161 0.11732718149820963 0.19638813160083912
0 0.043036246299743654 0.4758855183919271 0.07557497024536133 0.11178860134548611
0 0.8430818557739258 0.4909752739800347 0.06688626607259114 0.09400453920717594
0 0.10914684831155962 0.4712465002124786 0.027549016212439343 0.09488671614001397
2 0.943888241861145 0.3824043092082519 0.04603385925292969 0.08646714952256945
0 0.3582033475240072 0.46328992490415216 0.13978023529052735 0.17954649748625578
0 0.1309148264984227 0.5187521906764809 0.03470031545741325 0.07851384507535933
2 0.02996845425867508 0.34630213810024535 0.05993690851735016 0.10375043813529615
2 0.2823343848580442 0.30844724851034 0.10410094637223971 0.10655450403084477
2 0.7468454258675079 0.3266736768314055 0.07728706624605679 0.09814230634419907
1 0.4858044164037855 0.39397125832457064 0.12618296529968454 0.3505082369435682
