2 0.710647710164388 0.35868435612431276 0.087591552734375 0.11643137048791957
2 0.070300422112147 0.35388615926106765 0.08614352146784464 0.12063327365451389
0 0.772390883352478 0.49753841516472674 0.0721947805362545 0.13746304597262934
2 0.4898714383443197 0.3126819751880787 0.1210129419962565 0.12301161024305556
0 0.5792687838260558 0.4659134758843317 0.045965597030366755 0.11907806396484359
2 0.2485364703349886 0.3251303331722986 0.12282443683355528 0.11498213370334658
0 0.3635646687697161 0.4893094987732212 0.05520504731861195 0.17665615141955832
0 0.30283911671924285 0.48510339992989837 0.05678233438485801 0.17946021731510697
0 0.8958990536277602 0.5075359270942867 0.04416403785488953 0.07851384507535926
0 0.11198738170347003 0.5089379600420609 0.05993690851735016 0.14861549246407285
