1 0.19389832019805908 0.5028278633400246 0.14148640632629395 0.5938726071958189
1 0.08843401273091635 0.9214136759440104 0.1768680254618327 0.15717264811197917
1 0.9228950500488281 0.5267037285698785 0.09757347106933593 0.3173065185546875
1 0.04705944856007894 0.5562957763671875 0.09411889712015788 0.49744646990740743
1 0.8379758516947429 0.5070472717285156 0.0976162592569987 0.41369385895905675
1 0.898676872253418 0.8295077006022135 0.17236709594726562 0.3394166734483507
2 0.49300901095072425 0.31914825439453126 0.12219222386678058 0.13485649956597223
1 0.43058032989501954 0.12211187150743273 0.03635711669921875 0.12699928283691406
2 0.2556624253590902 0.32768974304199217 0.11596250534057617 0.1425832960340712
1 0.7594211260477702 0.44585011800130203 0.11246751149495443 0.33641526963975693
2 0.07340325315793356 0.3531361332646123 0.07761006752649943 0.10556606716579861
0 0.8894150733947754 0.5150490654839409 0.05675563812255859 0.07048170301649305
0 0.3335667307319199 0.49562034299404545 0.0954385183837762 0.20247524835083128
2 0.39994072914123535 0.16487159729003906 0.08090906143188477 0.07455865365487557
0 0.5849537319941476 0.47981963854608234 0.08542444588132697 0.13681366041673496
0 0.7824380392281163 0.5026105728978405 0.06442817162514713 0.08970118131658729
