1 0.24963481854941186 0.7362498813205295 0.2502848551977822 0.5275002373589409
1 0.7368570327758789 0.4871562957763672 0.10479443868001302 0.5340488857693142
1 0.9304943720499675 0.5042319968894676 0.13456306457519532 0.4593530725549769
1 0.48973304430643716 0.4888909233940971 0.13934138615926106 0.5564358181423611
1 0.0609889030456543 0.5115578404179325 0.10656332969665527 0.44108358312536167
2 0.2814098199208578 0.3079784393310547 0.1016809145609538 0.12229927910698785
1 0.20748653411865234 0.11140560574001736 0.031049537658691406 0.09291178385416667
2 0.11749914487202961 0.33427210207338687 0.08107334772745768 0.10715091846607351
1 0.9303035736083984 0.785628820348669 0.13884620666503905 0.428742359302662
0 0.8393247604370118 0.49520441691080735 0.07624371846516927 0.13180491129557292
0 0.6241544783679468 0.4572957447692464 0.07462830929600724 0.15376686820890262
0 0.33201892744479494 0.46267087276550994 0.0741324921135647 0.15141955835962143
2 0.5678233438485804 0.30143708377146844 0.10410094637223963 0.1037504381352961
