2 0.7119709968566894 0.3595806969536676 0.08875026702880859 0.11335898505316841
2 0.0730295717716217 0.35042248478642224 0.089706552028656 0.11530730636031539
0 0.8824146270751954 0.49830806873462813 0.06809959411621094 0.08557877717194734
2 0.8230302389487859 0.3849474920626485 0.06176073613853769 0.08895672391349305
2 0.4871988281968012 0.31636810302734353 0.12875989568973037 0.11686384412977426
0 0.29811530790118385 0.5027659366169549 0.05890714422761447 0.14913105938476104
0 0.11340859699700534 0.49002852655485 0.06745789878375899 0.11795722702031707
2 0.24865161467551186 0.3359628606725623 0.1124595937919417 0.1359678197790074
0 0.5813813010099432 0.4731483659589384 0.05784813209537696 0.14149817007559357
0 0.7776025236593059 0.4977216964598668 0.059936908517350104 0.09814230634419907
0 0.6435331230283912 0.49631966351209256 0.05047318611987372 0.15141955835962143
