1 0.4821158409118652 0.15442908075120715 0.12387380599975586 0.2981739362080892
1 0.6095437049865722 0.06392130321926541 0.04606952667236328 0.12474293178982204
0 0.5848880767822265 0.9160112169053819 0.23994312286376954 0.1679775661892361
1 0.6892720222473144 0.1058945337931315 0.06095066070556641 0.20262726677788628
1 0.7577403068542481 0.488041443294949 0.23816204071044922 0.6934754901462131
2 0.3438143730163574 0.48418833414713547 0.1338120460510254 0.45276082356770836
2 0.38843345296119675 0.10021633836958145 0.06381949686477609 0.14782502386305071
0 0.5328946113586426 0.3703028361002604 0.17329177856445313 0.1887271457248264
1 0.9372614860534668 0.6869219462076823 0.12547702789306642 0.6210866292317708
2 0.8381665229797364 0.04889088206821017 0.0750091552734375 0.08068134519788954
