2 0.605636895567837 0.4207440694173175 0.047378037630195775 0.10920410156249999
2 0.6963043050435063 0.5633115511044177 0.10005629927577975 0.15162886664025851
0 0.5501404762268066 0.5519607543945312 0.06500167846679687 0.0729705810546875
0 0.5775709629058838 0.6355677286783855 0.08494853973388672 0.10421176486545139
2 0.3162040624708784 0.4379877060369735 0.03917519361814867 0.08950025770399309
2 0.5749211356466877 0.3799509288468279 0.026813880126183066 0.07010164738871368
0 0.5386435331230284 0.46547493866105855 0.05520504731861202 0.05047318611987386
0 0.3761829652996846 0.41920785138450756 0.026813880126182923 0.042060988433228204
0 0.5205047318611987 0.4051875219067648 0.050473186119873927 0.042060988433228204
0 0.6585173501577287 0.7879425166491413 0.1056782334384858 0.11777076761303888
