1 0.8613341331481934 0.6498845418294272 0.24923458099365234 0.5779249403211806
1 0.06667101184527079 0.5229481873688875 0.13330909808476765 0.4561284100567853
1 0.4794152736663818 0.4465088314480252 0.1399773597717285 0.46567069159613717
2 0.12075908184051513 0.3318046569824219 0.08102946281433106 0.10626407199435764
1 0.08717097441355388 0.8869528311270254 0.17416199048360193 0.21993114330150462
2 0.28655470267455274 0.29960298387786183 0.11071952073731983 0.11741292440719953
0 0.616627806995444 0.4447658403772994 0.06388659973625893 0.15101592354385054
0 0.3840209553294377 0.46190265798585445 0.04987697932246354 0.13234237205593632
0 0.3223627267951844 0.42672299678003356 0.04721671324047017 0.13527128627637602
2 0.7618296529968456 0.3308797756747283 0.07255520504731848 0.08973010865755342
0 0.11041009463722397 0.48089730108657547 0.037854889589905356 0.09253417455310206
0 0.14037854889589904 0.4851033999298984 0.04100946372239747 0.08973010865755349
