2 0.7116379737854004 0.35943311055501304 0.08900661468505859 0.11032231648763019
2 0.08082303237463777 0.3324511512304414 0.10767167471936827 0.15207072678173886
0 0.8825315475463867 0.49699181450737845 0.06790733337402344 0.0849578857421875
2 0.8216879372341019 0.3872084207464593 0.055172860660012465 0.08422195999710658
2 0.48936762920062776 0.31652603149414044 0.12625563718793814 0.11505505597149879
2 0.24231618245442707 0.335168781986943 0.09943339029947916 0.13699970951786747
0 0.11068495508248122 0.5033038789499777 0.062124658508381 0.1381782470232479
0 0.30115758944008997 0.5054617266605386 0.06991552780103238 0.16593302875941757
0 0.580441640378549 0.47388713634770413 0.06940063091482643 0.14020329477742727
0 0.6443217665615143 0.4977216964598668 0.052050473186119814 0.14300736067297584
0 0.779179810725552 0.5047318611987381 0.06309148264984216 0.1289870311952331
