1 0.7924494107564292 0.4892290327284071 0.19880746205647784 0.5129349602593316
1 0.5037937005360922 0.8576977482548468 0.2554921785990397 0.28066479718243637
1 0.07389331261316935 0.5200570283112702 0.13102908929189047 0.4500753332067419
1 0.9369037628173829 0.5157342981409144 0.12274284362792968 0.4261381926359954
2 0.11705818573633829 0.3321941799587673 0.07854165236155192 0.1047154744466146
1 0.509827438990275 0.460807122124566 0.0936838467915853 0.5166815863715277
2 0.2942391633987427 0.29400999281141493 0.10125460624694824 0.11893785264756945
0 0.3613884925842285 0.47204691569010415 0.11474806467692057 0.14820228859230325
0 0.12637033065160116 0.4996256369131582 0.07535334428151448 0.08255459820782697
0 0.6256775680525947 0.4670335296103157 0.10827992757161459 0.12347138016312212
2 0.7483789850108634 0.3176300133287188 0.08016404774662807 0.1106411687987114
