2 0.6614114761352539 0.20775079373960142 0.0851843516031901 0.10479712309660735
0 0.7239160855611166 0.3199862727412471 0.07347329457600911 0.11230892605251735
2 0.0411490925855065 0.359894013697333 0.082298185171013 0.15122832048578602
0 0.8447526931762696 0.3249132227014613 0.06818008422851562 0.09659813774956597
0 0.6191906362427269 0.35590154726046486 0.06083821558425864 0.1271504145106474
0 0.10719778935114543 0.5253013610839844 0.14094871679941814 0.19957348858868634
0 0.2966946746303956 0.46696107251327407 0.08859703703132232 0.20658310797604768
0 0.5457413249211357 0.35751840168243953 0.06940063091482657 0.10935856992639327
2 0.443217665615142 0.23133543638275497 0.12618296529968448 0.10935856992639327
2 0.21056782334384855 0.2972309849281458 0.11829652996845434 0.12898703119523294
2 0.7752365930599369 0.20750087627059238 0.04889589905362783 0.07851384507535926
