2 0.29207706451416016 0.2926828808254666 0.10053418477376302 0.1170463138156467
0 0.11814271207863598 0.48248968680393234 0.054880590569208305 0.10061516728909856
0 0.8409215609232585 0.4793333830656829 0.08566443125406903 0.12904233579282406
2 0.11637389974513894 0.34035459447790073 0.08415598129749803 0.11152459603768804
0 0.03198827429587407 0.46667990654982006 0.054635058323040886 0.09799321786671232
2 0.5535482585618174 0.2945134692721897 0.12803519967978663 0.12897588941786028
2 0.9481603315576017 0.3842396266494681 0.04671478271484375 0.0936658223470052
0 0.6156292279561361 0.5090771004005714 0.1015225092569987 0.17312839649341727
0 0.3869284611771161 0.4675815813590717 0.06807051035884006 0.13565921188445412
2 0.7535198851464047 0.32186277231082044 0.07901677754399164 0.09800711136051461
2 0.034268289795840706 0.3490481770084567 0.06225064097111408 0.09704547360172079
