1 0.3536623477935791 0.47690253081145106 0.1302058219909668 0.49208964595088245
1 0.18362974325815834 0.5110175945140698 0.16620291074117025 0.5632309242531105
1 0.8917227745056152 0.3461284637451172 0.08052082061767578 0.3210036383734809
1 0.8021112124125162 0.3773502349853516 0.09418646494547528 0.36835081312391493
1 0.9485409736633301 0.5411003112792969 0.10291805267333984 0.30605960422092016
1 0.6451542854309082 0.3372429741753472 0.10863488515218099 0.4158711751302084
1 0.9647943496704101 0.3549375039559824 0.059905624389648436 0.237982827645761
2 0.4444157600402832 0.23130496696189595 0.12318388621012372 0.12217863577383536
1 0.050755858421325684 0.62087481463397 0.10151171684265137 0.4440757468894676
0 0.5440713906513779 0.37253209250122893 0.0793643582381159 0.11654366093103082
2 0.21330889030961978 0.2832028636225947 0.09838374525966735 0.12164924056441691
0 0.7408557245031894 0.32333607045773216 0.07038135528564453 0.09583336159035011
0 0.6175909225873013 0.37845212874227024 0.06503124237060527 0.10381078562985545
0 0.2681388012618296 0.45846477392218715 0.04731861198738166 0.12618296529968454
0 0.08675078864353314 0.5257623554153519 0.04100946372239747 0.11496670171749032
2 0.0417981072555205 0.3645285664213109 0.083596214511041 0.15141955835962148
