1 0.7390151023864746 0.4685403329354745 0.10320987701416015 0.5362960250289351
1 0.06575843095779418 0.4880846800627532 0.11474020481109619 0.46277807730215564
1 0.48245366414388025 0.48777875547055843 0.12057520548502604 0.5632212886103878
1 0.9367586135864258 0.4981364921287254 0.12151934305826823 0.4583385608814381
2 0.2857778549194336 0.3070488823784722 0.10757802327473959 0.12100118001302083
2 0.11692965428034466 0.33501610932526765 0.07398409048716227 0.09482085616500288
1 0.20671955744425452 0.10986831453111437 0.02508258819580078 0.0957040786743164
0 0.6131141662597656 0.4462564256456163 0.13047231038411458 0.19178042941623263
0 0.8444921493530273 0.49966019524468314 0.07607994079589844 0.09689441257052951
0 0.3186119873817035 0.4822993340343498 0.05047318611987382 0.1514195583596215
0 0.38801261829653 0.4879074658254469 0.05047318611987372 0.10655450403084472
0 0.13249211356466875 0.4977216964598668 0.037854889589905356 0.12618296529968454
