2 0.026979851722717284 0.35817718505859375 0.051187539100646974 0.09071773952907985
2 0.7663278786291208 0.32994681709433066 0.07710924439375111 0.10696985855574973
2 0.11638505458831788 0.3394135046066532 0.07620381632061789 0.08557235275644726
0 0.6234412412914191 0.46028654043021766 0.0613581672451851 0.14103874316183843
2 0.5593870162963868 0.2927222781711155 0.12279472351074219 0.12367969089084202
2 0.2902002096176147 0.30192751001428675 0.10226349830627442 0.11215303209092882
0 0.8572555205047319 0.4977216964598668 0.061514195583596346 0.12057483350858753
0 0.39274447949526825 0.44724851033999286 0.06940063091482643 0.14300736067297584
0 0.3264984227129338 0.43883631265334727 0.04731861198738173 0.10375043813529622
0 0.15536277602523663 0.4851033999298982 0.06466876971608836 0.11216263582194182
0 0.11514195583596215 0.4766912022432527 0.05362776025236594 0.1121626358219418
0 0.033123028391167195 0.4794952681388013 0.05362776025236594 0.0953382404486505
