1 0.08497836192448932 0.48804787529839416 0.12177275816599527 0.4678800794813368
1 0.10162441730499268 0.8846738744665075 0.20324883460998536 0.2225558245623553
1 0.7406830469767253 0.46222083480269816 0.12464637756347656 0.5511223404495804
2 0.2926496903101603 0.29164115058051215 0.1034715493520101 0.11314578586154514
1 0.49423654874165857 0.4779930821171513 0.12982269922892253 0.5820873401783131
2 0.1170122047453398 0.34193104791758216 0.07166230513094349 0.10058350641602905
0 0.8536848375097812 0.5012722297951026 0.06884131085609448 0.1196409518507851
2 0.5859593709309895 0.29592632011131004 0.09238713582356771 0.11821991249367043
0 0.10331167907744926 0.4902289012503801 0.03583557079267053 0.11473375354530174
0 0.6183540548811951 0.502180522986001 0.0856044360139769 0.18870087801985336
1 0.9473579088846837 0.5200201957801581 0.10509929656982411 0.4408403457443713
0 0.3911671924290221 0.4444444444444444 0.056782334384857976 0.1654398878373641
0 0.14826498422712933 0.487907465825447 0.03470031545741325 0.10094637223974766
