1 0.6904580743029538 0.9015434830277046 0.23390369595789365 0.1910518504955149
1 0.6875487009684246 0.5127604025381582 0.10174217224121093 0.47896030567310477
1 0.19331064684283208 0.5250957135800962 0.13301384323653592 0.623250820018627
1 0.833608309427897 0.5075260162353515 0.11260986328125 0.3819236755371094
1 0.03543354611291493 0.5284191943646757 0.07086709222582986 0.4504091827289177
1 0.9377373541943281 0.4978236442108635 0.06569159715333582 0.2811212603184289
2 0.0670957624912262 0.3519072921187789 0.0736571192741394 0.10837148030598959
2 0.4878887017567953 0.3132301754421658 0.12389974594116211 0.1298233879937066
2 0.25236956278483075 0.3259400968198423 0.111741574605306 0.15768407185872396
0 0.10572531451436873 0.5299414206280971 0.05278136376702825 0.15637352568257282
0 0.3591183534932061 0.5113914096643744 0.06220426551927126 0.11545781330438931
0 0.9668380532731017 0.5317782931857638 0.04022861203936749 0.08511555989583335
0 0.8913771516015727 0.5247231094925493 0.04110294065264875 0.08537105984157989
0 0.3020504731861199 0.4977216964598668 0.055205047318611984 0.14861549246407293
0 0.5749211356466877 0.4766912022432527 0.06782334384858046 0.1289870311952331
0 0.638801261829653 0.4893094987732212 0.0441640378548896 0.12618296529968462
