1 0.8493861556053162 0.6363047361373901 0.300284206867218 0.6130076050758362
1 0.06749625504016876 0.531406581401825 0.13440151512622833 0.44357606768608093
1 0.29892101883888245 0.6722413897514343 0.35159778594970703 0.634031355381012
0 0.3053278138960951 0.25821725978710885 0.07454119077428273 0.1338555878227399
2 0.6940063091482651 0.07851384507535926 0.1167192429022083 0.15702769015071852
2 0.8430599369085172 0.11777076761303888 0.09621451104100956 0.1458114265685244
2 0.5007886435331231 0.08412197686645632 0.14984227129337546 0.13459516298633015
2 0.9266561514195586 0.19628461268839806 0.06782334384858041 0.12898703119523308
2 0.26656151419558355 0.11076060287416756 0.12933753943217663 0.12618296529968456
0 0.1411671924290221 0.2719943918682089 0.055205047318611984 0.10655450403084472
0 0.5749211356466877 0.23133543638275497 0.0709779179810726 0.10935856992639327
0 0.8343848580441641 0.262180161233789 0.059936908517350104 0.10935856992639327
0 0.5339116719242902 0.7304591657903962 0.09936908517350161 0.2719943918682089
0 0.6458990536277602 0.7388713634770417 0.09305993690851735 0.2551699964949177
2 0.8848580441640386 0.9346302138100243 0.23028391167192314 0.1307395723799508
