1 0.7957460242867098 0.5765658617019647 0.1879345559359356 0.7636760473251336
1 0.6753308773040771 0.10329323261976242 0.05130176618695259 0.20658646523952484
1 0.6237470507621765 0.08898954838514328 0.04148874431848526 0.1775420606136322
2 0.4605678233438486 0.8477041710480197 0.15141955835962143 0.3045916579039607
2 0.5055205047318613 0.39677532422011913 0.08990536277602523 0.29442691903259727
2 0.5055205047318612 0.1794602173151069 0.06151419558359621 0.15141955835962143
2 0.942429022082019 0.18647038205397826 0.07413249211356458 0.1430073606729758
2 0.8730283911671924 0.1331931300385559 0.061514195583596346 0.11496670171749035
2 0.803627760252366 0.06869961444093936 0.048895899053627685 0.09253417455310199
0 0.7105678233438478 0.7276550998948477 0.13722397476340692 0.13739922888187905
0 0.6632492113564669 0.38976515948124785 0.09621451104100949 0.10655450403084472
