2 0.0800707272362634 0.3380440060481496 0.10346699787615223 0.15658467218466107
2 0.7118671417236329 0.3599028410734954 0.08924229939778644 0.11940985785590277
0 0.7731883960567436 0.5044446838892348 0.07012991158117325 0.12467827273802388
2 0.4892604192097982 0.311803944905599 0.12017250061035156 0.12210574679904514
0 0.30092568723435914 0.5019667297730532 0.054739166885520565 0.16440969004309597
0 0.577332048686897 0.48450255475878246 0.06111023418534839 0.15394332837607214
0 0.36248286695510434 0.5018626651971162 0.05088180638262146 0.16120817423117564
2 0.832338715401859 0.39015473656487787 0.06259539631262939 0.06703811005490869
0 0.1277602523659306 0.5075359270942867 0.05993690851735016 0.15141955835962143
2 0.24842271293375393 0.3182614791447599 0.11829652996845424 0.11496670171749035
