2 0.027923296888669333 0.35282461378309465 0.053109608093897503 0.09121441311306423
2 0.7649059584464184 0.3365271078368911 0.0740112918408511 0.0954072113696738
0 0.39021692717238304 0.42633494245544995 0.06094055837637199 0.16550535167930755
2 0.11622920150385799 0.3374720785018649 0.07340308943005386 0.08320705174480521
2 0.28914202337636064 0.2985460639487417 0.10834570387309755 0.09466319306457491
2 0.5607908294529317 0.2928006207501446 0.12429600674521947 0.12120796486183444
0 0.3280757097791798 0.4374342797055731 0.05047318611987382 0.11216263582194187
0 0.6222397476340693 0.4500525762355415 0.05205047318611989 0.13179109709078163
0 0.8596214511041009 0.5005257623554153 0.05993690851735025 0.11496670171749045
0 0.14984227129337538 0.47388713634770413 0.056782334384858045 0.08973010865755329
0 0.11514195583596214 0.47528916929547854 0.053627760252365916 0.10375043813529616
0 0.030757097791798107 0.47949526813880133 0.04889589905362776 0.07851384507535918
