1 0.4935901165008545 0.5023328145345052 0.12273454666137695 0.570114983452691
1 0.7507550557454428 0.5321368464717159 0.1374481201171875 0.4878152917932581
1 0.07005943059921264 0.4957853387903284 0.11173040866851806 0.4557428713198061
2 0.29410462379455565 0.29767170658818 0.1021042823791504 0.11797027587890625
1 0.9529729843139648 0.5125460306803385 0.08536605834960938 0.4600499471028645
0 0.8353054046630859 0.4974437148482711 0.08297920227050781 0.11345110292787904
0 0.6190208383915177 0.48635695428822634 0.09795627593994141 0.13570760091145834
2 0.1140524665514628 0.338340660377785 0.0707480510075887 0.10196044356734664
0 0.14074386755625407 0.46205226756908274 0.08903559048970539 0.10862839310257524
0 0.3879542277563759 0.49728929836319113 0.060218175653403545 0.1472064506173315
0 0.3216100276581995 0.4623103433157298 0.05536123951652214 0.14659007344656538
0 0.39688882827758787 0.34043444880732776 0.07674484252929688 0.10649563824688947
