1 0.28024437427520754 0.7006741841634114 0.24293551445007325 0.5781397501627604
1 0.7399742762247722 0.5029571957058377 0.13369356791178386 0.5353158738878038
1 0.4996440728505453 0.4930909192120588 0.12637688318888346 0.545317953604239
1 0.06329999168713887 0.48761915983977144 0.11309225956598917 0.4579808553059896
2 0.2945270538330078 0.29752591451009114 0.1007162094116211 0.11468124389648438
2 0.11148996353149414 0.33888814007794416 0.06970303853352865 0.09969225283022282
1 0.9616762161254883 0.5013362460666233 0.07630805969238282 0.46437666151258683
0 0.6183467864990234 0.45875519646538626 0.10170555114746094 0.16127344767252605
0 0.8375614802042644 0.5002013029875578 0.07410926818847656 0.10359395345052085
2 0.5761324955712606 0.30232281155056406 0.0991591625033114 0.09892357720269095
0 0.39024551102791677 0.4659248501804056 0.05943341019527148 0.16870423593397452
0 0.31624605678233436 0.4500525762355415 0.04574132492113559 0.13179109709078163
