1 0.3363344192504883 0.6583451588948567 0.21285686492919922 0.6782288445366753
1 0.04977975686391194 0.5483656000207972 0.09955951372782389 0.5396684717248987
1 0.6816656801602816 0.4094650268554686 0.10963731338549093 0.2714782714843748
1 0.8395918999560625 0.49633691575792127 0.10150925428709412 0.40601052178276936
1 0.7263799985249837 0.9047014307092737 0.190104611714681 0.18536032217520254
1 0.45604208310445155 0.14426193237304688 0.05163583755493164 0.09722832573784722
2 0.07166042228539786 0.3482624336525246 0.08103858828544616 0.11137833771882236
0 0.5805332341279392 0.4680885149143137 0.06655043171783356 0.11915789101778167
2 0.49928698539733884 0.32063656559696907 0.10855569839477539 0.12670889960394965
0 0.7743175957857241 0.5049662130850334 0.06035293675371528 0.09733793666700082
1 0.09065401554107666 0.8912670559353297 0.18076272010803224 0.21746588812934028
0 0.6427444794952681 0.4738871363477042 0.045741324921135626 0.12337889940413603
0 0.8935331230283912 0.5159481247809324 0.03312302839116711 0.08412197686645641
1 0.19164037854889593 0.4486505432877672 0.1277602523659306 0.42060988433228175
0 0.11277602523659307 0.5089379600420609 0.03627760252365931 0.13739922888187883
