1 0.6323460578918457 0.7684527079264322 0.24839420318603517 0.4630945841471354
1 0.1818395137786865 0.5131494592737269 0.15107927322387696 0.6178028247974537
1 0.8966180801391601 0.34888556445086444 0.08086814880371093 0.327716248123734
1 0.6535964965820312 0.37640312336109305 0.10195999145507813 0.4450533407705802
1 0.8199399948120117 0.4603421529134114 0.13081932067871094 0.45306481255425346
2 0.038144437472025554 0.3871854146321615 0.07628887494405111 0.12787916395399307
1 0.8027231534322103 0.2711890326605903 0.09031365712483724 0.21304270426432292
2 0.44131670334110995 0.23537965510016576 0.13499933728158914 0.12238154214653325
0 0.3351735015772871 0.478093235191027 0.0646687697160883 0.13739922888187878
0 0.5504731861198738 0.35751840168243953 0.06624605678233443 0.13179109709078163
0 0.7429022082018928 0.34490010515247105 0.053627760252365986 0.1345951629863302
0 0.082807570977918 0.5187521906764809 0.04889589905362777 0.1121626358219418
