1 0.1998336293845272 0.7000007770679612 0.26994552186109544 0.5467868663646552
1 0.49229019482930503 0.4898034696225767 0.11105000178019205 0.5364444026240596
1 0.9307411193847657 0.5088228437635633 0.13366737365722656 0.4533226013183594
1 0.7347341537475586 0.47862363744665076 0.10071563720703125 0.5412555553294994
2 0.28141876856486003 0.308086508291739 0.10268662770589193 0.12264997694227431
2 0.11759696801503498 0.33179677327473955 0.07817215919494629 0.09627843786168981
1 0.04160828292369843 0.4881761762830946 0.065695720911026 0.3946179707845052
0 0.8386071523030598 0.49568864327889905 0.07603378295898437 0.12779882925528066
0 0.6310199815768172 0.46703111252114504 0.066595458984375 0.13514900220890336
1 0.20616746743520104 0.11376320521036785 0.029091151555379235 0.08777196672227648
0 0.3233438485804417 0.4822993340343498 0.08201892744479494 0.17385208552400988
2 0.5646687697160884 0.3014370837714686 0.10094637223974758 0.08692604276200491
