2 0.6624024391174317 0.20715078424524377 0.08805408477783203 0.10500192995424625
0 0.7238277435302735 0.3197743733723958 0.072552490234375 0.1129352710865162
0 0.8454080581665039 0.32672593858506943 0.06928596496582032 0.09787315086082175
1 0.9710304896036783 0.42384308709038626 0.05793902079264323 0.2923138936360677
2 0.04072548634873078 0.37434806970809575 0.08145097269746156 0.1517489651121649
0 0.5485232930830224 0.35670119712447174 0.0758706432787781 0.13507704362090409
2 0.4406792081116877 0.23811440128549702 0.12416438214034324 0.1325226889716253
0 0.10609067281087241 0.5277603149414063 0.14064757029215494 0.192950439453125
2 0.2050473186119874 0.29723098492814587 0.1167192429022082 0.14020329477742732
2 0.77602523659306 0.21451104100946375 0.050473186119873927 0.07010164738871363
0 0.6190851735015772 0.34630213810024535 0.045741324921135626 0.12057483350858746
0 0.30126182965299686 0.4794952681388013 0.07886435331230288 0.17946021731510697
