1 0.07377775311470032 0.5840868631998698 0.09789129495620727 0.26914198133680556
2 0.7232785701751709 0.2587971581353081 0.10957918167114258 0.12930365668402777
2 0.7700760841369629 0.11883134841918945 0.06458301544189453 0.08501050737169054
0 0.9641368865966797 0.44618123372395835 0.0697174072265625 0.12514461941189237
0 0.8516681909561157 0.4336738162570529 0.11996760368347167 0.1579286363389757
2 0.8863751411437988 0.2885824839274088 0.07921066284179687 0.10713238186306423
2 0.45154032707214353 0.2444787555270725 0.12641668319702148 0.13017285664876302
0 0.15799881219863893 0.43993025885687936 0.0732100248336792 0.10367117987738714
2 0.5138890266418457 0.08003471162584092 0.08526973724365235 0.08466862572564018
2 0.975155258178711 0.31620455847846135 0.048752212524414064 0.1078213585747613
0 0.38199036121368407 0.4426143222384983 0.10608954429626465 0.1286773681640625
0 0.611198738170347 0.4458464773922187 0.07413249211356465 0.12337889940413603
0 0.6971608832807571 0.4290220820189275 0.06309148264984231 0.1121626358219418
