1 0.05710502862930298 0.5244654620135272 0.11421005725860596 0.49949719464337383
1 0.7036261558532715 0.4142365349663628 0.0665292739868164 0.28460845947265623
1 0.8330536842346191 0.50091429816352 0.11017589569091797 0.40716900295681424
1 0.4546038627624512 0.14603690747861509 0.060504913330078125 0.10030283751311125
2 0.0731973946094513 0.3464244418674045 0.08228944540023804 0.10886942545572915
1 0.9476367950439453 0.6814586215549044 0.1046844482421875 0.3555621676974826
0 0.3660725383477756 0.5222352659107582 0.058368073051284226 0.2048643447121854
0 0.6476630546818519 0.4709860691498867 0.05665415333648624 0.11263218730503591
0 0.7775526651448637 0.507230105190052 0.0625343713850623 0.13467173406434055
1 0.0816594441731771 0.8974875273527922 0.16318308512369792 0.20262309886791086
2 0.4931323985070712 0.32153816223144527 0.11835365696535019 0.12352574666341147
0 0.5797234968432118 0.4574648979125505 0.06273608704094642 0.10702339356880673
2 0.25643330194471264 0.32467414008246515 0.10843840793605601 0.12628580729166655
0 0.30030924885305577 0.4866088069840447 0.05425922572299379 0.14430429579178408
0 0.12415473461151123 0.4741952684190538 0.06024746894836426 0.11926015218098956
2 0.7332540194193521 0.34444629527904375 0.05344181060791016 0.09130879154911747
0 0.8943217665615143 0.5257623554153522 0.03785488958990541 0.0813179109709079
