1 0.8519151369730632 0.5513753961633753 0.1374197006225586 0.39723304465964987
1 0.19561000665028888 0.5011034082483363 0.12744990984598795 0.6094499941225405
1 0.6951357205708821 0.5157091352674695 0.120381228129069 0.48610424465603297
1 0.040074470639228824 0.5647769504123263 0.07954091429710389 0.49607747395833335
1 0.9420889536539713 0.45132423683449074 0.053656005859375 0.18507746943721068
2 0.0719025363524755 0.3473372989230685 0.08502900004386901 0.10840954250759548
2 0.48854751586914064 0.3148923379403573 0.12326202392578126 0.1305176063820168
1 0.6958395957946777 0.8765571311668114 0.2187795639038086 0.23335514775028934
2 0.2544996738433838 0.3269503558123554 0.1064579963684082 0.14817979600694445
2 0.39904672304789224 0.16389214551007306 0.08267253239949544 0.07593410633228444
2 0.8329606600740357 0.3966646512015177 0.05762999742189021 0.08408997245224319
0 0.35646687697160884 0.5075359270942867 0.05047318611987386 0.10655450403084472
0 0.30362776025236593 0.5033298282509638 0.048895899053627796 0.10375043813529615
0 0.1056782334384858 0.5117420259376095 0.047318611987381694 0.12618296529968454
0 0.5780757097791798 0.4752891692954785 0.05835962145110408 0.13179109709078168
0 0.6395899053627759 0.5019277953031896 0.04574132492113556 0.14581142656852436
0 0.7847003154574134 0.4977216964598668 0.042586750788643574 0.10935856992639323
