1 0.20100507736206055 0.5061051262749566 0.15476951599121094 0.6204164293077257
1 0.6859924603210513 0.4983567838315608 0.1042378169881056 0.4620622705530233
0 0.3624083473353981 0.5254438220876608 0.05189886534376989 0.13390965239440927
1 0.837360159556071 0.5028164333767361 0.09725742340087891 0.37928432888454855
2 0.06913255055745443 0.35087521870930993 0.08085131645202637 0.11072480943467883
2 0.48525304794311525 0.31312121638545287 0.12076396942138672 0.1375358016402633
1 0.9313111305236816 0.515322028266059 0.11399250030517578 0.318597412109375
2 0.251210355758667 0.3392333560519748 0.10287542343139648 0.1605418735080295
0 0.5842879768676437 0.4554225906922947 0.05894714921054803 0.108308328815063
0 0.7658798853556315 0.4780224976716218 0.08005256652832031 0.11342160260235822
0 0.8868862152099609 0.5148415176956742 0.055728912353515625 0.07971581353081597
1 0.02772215803464254 0.550469504462348 0.05544431606928508 0.476068369547526
2 0.39868281682332357 0.16258622628671152 0.0702291488647461 0.07068006727430555
0 0.6435331230283912 0.4724851033999299 0.0441640378548896 0.12057483350858746
0 0.2925867507886435 0.5173501577287066 0.06151419558359621 0.13179109709078163
0 0.10173501577287065 0.5173501577287066 0.052050473186119876 0.1430073606729758
1 0.7127916358121428 0.8968070418746359 0.2129006659570919 0.2000809846100979
