1 0.9384632110595703 0.5355867173936631 0.11725502014160157 0.32779439290364576
1 0.1017801284790039 0.8990594651963976 0.2035602569580078 0.20188106960720487
1 0.20228184858957923 0.5055087336787472 0.14527646700541177 0.6039573952003762
1 0.6802210807800293 0.5231390635172527 0.1238883336385091 0.4733182271321615
1 0.8184774398803711 0.5090746844256365 0.09980583190917969 0.3905628345630787
1 0.05619357824325562 0.5305380644621672 0.11238715648651124 0.5195829603407118
2 0.49302517573038734 0.32884063720703127 0.12723038991292318 0.13515268961588542
0 0.7797841081107826 0.5000432332356766 0.05554523287511369 0.10573187934027775
2 0.07381262183189392 0.343672928986726 0.08680721521377563 0.1066404837149161
1 0.7070037206013997 0.4077495998806424 0.07026100158691406 0.24290488914207173
2 0.251116418838501 0.34139667087131076 0.10035727818806967 0.15605926513671875
0 0.6522799121844656 0.5155617649859672 0.059275506197089954 0.11738863344545714
0 0.35725552050473186 0.524360322467578 0.05205047318611989 0.17946021731510683
0 0.5788643533123028 0.49631966351209256 0.0694006309148265 0.14581142656852442
0 0.8927444794952681 0.5201542236242551 0.04100946372239747 0.09814230634419915
0 0.2949526813880126 0.4977216964598668 0.053627760252365916 0.12057483350858753
