2 0.2942326148351034 0.2894777086046007 0.10226289431254071 0.12652960883246528
0 0.6041244199975431 0.4874609841909317 0.07737857485669938 0.1734661565371267
0 0.8558561325073242 0.485336247196904 0.06936225891113282 0.09374491373697919
0 0.32255085971202513 0.44644915311884437 0.05170332560654582 0.14713452153429313
2 0.5559771819069558 0.29744847615559894 0.1270817365556111 0.14175499810112846
0 0.10878653932445062 0.4838969560354189 0.04139498099919754 0.10202033810281859
2 0.11481480229916258 0.33045919308917016 0.07619379251161208 0.09828037587765417
2 0.7681959489166548 0.3259698888076942 0.07308941910319515 0.0956373689608926
2 0.9396870317268571 0.3686139635901011 0.053438568115234376 0.0906528049045139
2 0.030321108320283324 0.35757582377351205 0.05988362832651025 0.10341660332103121
0 0.37618296529968454 0.4514546091833158 0.04889589905362783 0.14020329477742727
0 0.14511041009463724 0.4949176305643182 0.041009463722397485 0.09814230634419907
