1 0.0733367383480072 0.5818648020426432 0.09738837480545044 0.263413577609592
2 0.7234168529510498 0.25723111894395617 0.10868196487426758 0.1331425560845269
0 0.9644264221191406 0.4478829701741537 0.06910743713378906 0.12157686021592883
2 0.8878381729125977 0.2884554757012261 0.08081684112548829 0.10899993048773872
2 0.7704616069793702 0.11836296717325846 0.06109743118286133 0.08292827606201172
0 0.15749495029449462 0.4412534077962239 0.07307567596435546 0.10251498752170139
2 0.45229806900024416 0.24440470801459419 0.12495899200439453 0.1305977291531033
0 0.3826396942138672 0.44065136379665804 0.10790748596191406 0.13337266710069445
2 0.9753349304199219 0.3174776289198134 0.048392868041992186 0.10519366794162327
2 0.5163447380065918 0.08173379103342693 0.0803293228149414 0.07986856566535103
0 0.8672432890449788 0.4713855819621924 0.1035654086043782 0.1323755204782041
2 0.2317340850830078 0.28128170437282984 0.06758418083190917 0.12218314276801215
0 0.6096214511041009 0.4458464773922187 0.06782334384858046 0.11216263582194187
0 0.696372239747634 0.42762004907115314 0.048895899053627685 0.11496670171749038
