1 0.38340024948120116 0.6169971042209201 0.1529067357381185 0.5749538845486111
1 0.08922009269396465 0.47655292087131074 0.1175095280011495 0.4537334865993924
1 0.9385281469543655 0.5129231064407908 0.10911619144283348 0.4377919797544123
1 0.7373057683308919 0.4703929053412543 0.10324974060058593 0.5145490010579427
2 0.2814644257227579 0.30620401170518663 0.09649141629536945 0.11435470581054688
2 0.1181164247380446 0.3342458936903214 0.07879391062522915 0.10449868661386003
0 0.8343265215555826 0.49738330134639036 0.09222914377848307 0.1397971541793258
0 0.6212308883666993 0.4677181102611401 0.12525062561035155 0.20613934552228008
2 0.5541018792883455 0.30450476187246817 0.12267404971438632 0.12938045925564234
1 0.20816004276275635 0.10976317017166703 0.030869436264038087 0.09165942580611616
1 0.6454890251159668 0.2387571758694119 0.05501537322998047 0.1914370642768012
1 0.5352723916371663 0.05803643332587348 0.03272873560587565 0.1012499279446072
0 0.1775728702545166 0.4408918733950015 0.0943603515625 0.13707295170536749
