1 0.3563621938228607 0.2486039102077484 0.16102419793605804 0.4965716302394867
1 0.5287009477615356 0.31197071075439453 0.15080872178077698 0.6239414215087891
1 0.1076233759522438 0.47994446754455566 0.19952590763568878 0.5082175731658936
1 0.36223748326301575 0.7385114431381226 0.323406457901001 0.5046541094779968
1 0.9363070726394653 0.5253950357437134 0.12724418938159943 0.47716420888900757
1 0.30571383237838745 0.7723717093467712 0.21943612396717072 0.44450870156288147
0 0.780757097791798 0.6715737819838766 0.20504731861198736 0.24395373291272357
0 0.10410094637223974 0.8953732912723449 0.167192429022082 0.2092534174553103
2 0.7847003154574133 0.1752541184717841 0.10883280757097794 0.12618296529968456
2 0.6159305993690846 0.18086225026288116 0.042586750788643546 0.09814230634419907
