1 0.1595693826675415 0.6517031788825989 0.31825023889541626 0.6838952302932739
1 0.3338932394981384 0.284900426864624 0.1544787883758545 0.5652586221694946
1 0.8476595282554626 0.40455707907676697 0.18019218742847443 0.5346591472625732
1 0.777326762676239 0.3463304340839386 0.13849878311157227 0.43628084659576416
1 0.849539577960968 0.791113555431366 0.29919034242630005 0.40841659903526306
0 0.4416403785488959 0.2874167542937259 0.0788643533123028 0.19348054679284965
0 0.5173501577287066 0.8420960392569224 0.2618296529968454 0.3158079214861549
2 0.6427444794952681 0.15702769015071855 0.12776025236593064 0.1794602173151069
2 0.4037854889589906 0.09674027339642483 0.12618296529968454 0.11496670171749038
2 0.2105678233438486 0.077111812127585 0.09305993690851735 0.14300736067297581
2 0.10646687697160882 0.12758499824745884 0.08990536277602523 0.092534174553102
