0 0.038196909427642825 0.46248745388454865 0.07279250621795655 0.136480712890625
0 0.833608055114746 0.5118032808657046 0.08544298807779947 0.11419884010597511
0 0.6129550298055012 0.4442958407931858 0.08796920776367187 0.14296518961588542
2 0.2853538513183594 0.30742552015516494 0.1053049087524414 0.12006191677517361
2 0.941906607113426 0.37500854970863146 0.051894887288411455 0.09081208970811633
2 0.11584655841191609 0.3342005411783854 0.08389135201772052 0.10431128607855902
0 0.3206598044695288 0.4533418555337145 0.05751357685253573 0.13820187800091271
2 0.750323611679639 0.32733911179342984 0.07751550564129088 0.12396889334597423
2 0.5521451907955135 0.29554886288113064 0.1310470496818467 0.13659070332845047
0 0.389589905362776 0.45986680686996145 0.059936908517350174 0.16263582194181567
2 0.02917981072555205 0.3434980722046968 0.0583596214511041 0.10375043813529615
0 0.1451104100946372 0.49631966351209256 0.08832807570977919 0.12337889940413603
