1 0.7494208017985027 0.4760377954553675 0.1336200714111328 0.6111888179072628
2 0.12345203161239623 0.3294789067021123 0.07450630664825439 0.09622378879123264
1 0.0835904598236084 0.8753690648961949 0.16479272842407228 0.249146807635272
1 0.5023539543151856 0.4426341516000253 0.09732189178466796 0.4492713786937572
0 0.3250503872596627 0.4427064445255821 0.050146052238191734 0.12508900862233732
2 0.29136932718515646 0.2919559196189597 0.10149469320455683 0.11349761397750284
2 0.024852658808231353 0.36269637213812933 0.046067044138908386 0.07427393595377604
2 0.5744172322887979 0.29157462649875204 0.11265336908125834 0.11957834031846785
0 0.628387891657094 0.49682045918868106 0.0644602143802102 0.20283181330550165
1 0.0904942172558902 0.48341136508517835 0.09404532555902045 0.41827791002061654
0 0.8588328075709779 0.49631966351209256 0.05835962145110415 0.12337889940413603
0 0.4014195583596215 0.45285664213109 0.05835962145110408 0.12618296529968454
0 0.14905362776025238 0.4794952681388013 0.04889589905362776 0.14581142656852442
0 0.024447949526813884 0.499123729407641 0.039432176656151424 0.08412197686645641
