1 0.9164821624755859 0.805364990234375 0.12371749877929687 0.38301278573495373
1 0.19713837703069054 0.546976301405165 0.13385295073191325 0.6111401028103298
1 0.8636062304178874 0.5128962198893228 0.15878950754801432 0.35606045193142355
1 0.04276403586069743 0.530705557929145 0.08552807172139486 0.48112360636393237
2 0.4943964799245199 0.318690914577908 0.11967312494913736 0.13300368697554976
2 0.07466291189193726 0.3504064913149233 0.08539844353993735 0.11001499317310474
1 0.08540504773457844 0.9096772370515046 0.17074600855509436 0.18064552589699073
2 0.2541075309117635 0.3296509636773004 0.11053303082784018 0.14430536340784145
0 0.5826995157669018 0.48478314372643305 0.07068037239660345 0.12911310045501054
1 0.9405511856079102 0.5258176026520905 0.0628271738688151 0.3234778227629485
0 0.31132141317854917 0.5069799705119402 0.07198785767821 0.1625514702897771
0 0.1229810357093811 0.5340603298611111 0.07939069271087647 0.1132308394820602
1 0.713201904296875 0.46599423443829574 0.08269526163736979 0.38662668863932287
0 0.7862776025236593 0.4977216964598668 0.052050473186119744 0.14300736067297584
