1 0.5036657174428301 0.8394798681716213 0.25097468694051095 0.3179197847794417
1 0.7945020675659178 0.482018718013057 0.19558931986490888 0.5010134944209346
1 0.9357328414916992 0.5184579496030455 0.1255889892578125 0.4292297080711082
1 0.07127248644828796 0.5220637851291232 0.1342734932899475 0.4462033307110822
1 0.49828413327535 0.4572925567626953 0.12038704554239908 0.529976314968533
2 0.29378449122111006 0.2947584999932183 0.10089607238769531 0.11805373297797309
2 0.11615239779154458 0.3323459060103805 0.07798560460408528 0.10404547232168693
1 0.020647629102071127 0.5020374580665872 0.04129525820414225 0.4132346541793258
0 0.3604254881540934 0.4750735812717014 0.1146046002705892 0.14992641872829862
0 0.1293339490890503 0.5054014983000579 0.07785852750142415 0.08839518229166667
0 0.6246971539518436 0.4659697518280168 0.10791371663411459 0.1239410400390625
2 0.7523659305993691 0.3182614791447598 0.08201892744479514 0.09814230634419883
