2 0.0662298818429311 0.34984574494538484 0.08971672455469766 0.11092105441623264
2 0.7106672286987304 0.35758107503255204 0.087191899617513 0.11633232964409722
0 0.8809528350830078 0.4966712951660156 0.0621081034342448 0.08888600667317709
0 0.7812719980875648 0.5234582854871619 0.06907653808593676 0.1471173555303054
2 0.9344312032063802 0.4246823063603154 0.043589019775390626 0.08073543972439236
2 0.39945986554198953 0.16828441319029416 0.07533398697428878 0.08670590116899972
2 0.8288740507059669 0.3965683785648126 0.06532903685304044 0.0959193002705486
2 0.4905094237984418 0.3276683524802877 0.12342976170007365 0.12872633757414634
2 0.250788643533123 0.3322818086225027 0.11987381703470033 0.10935856992639331
0 0.581230283911672 0.4893094987732212 0.06151419558359614 0.14300736067297584
0 0.3580441640378549 0.5145460918331581 0.053627760252365986 0.17665615141955832
0 0.29574132492113564 0.4907115317209954 0.05520504731861195 0.15702769015071857
0 0.11356466876971609 0.4865054328776726 0.0662460567823344 0.1373992288818787
