2 0.026636093854904175 0.36068817421242044 0.05087991952896118 0.08508037990993923
2 0.7586932133174217 0.3319725954305598 0.07973026953535768 0.10322585125395127
0 0.39201403872573143 0.43125308937440887 0.06881220152701542 0.17049538137367024
2 0.11385363253885263 0.3363236936847103 0.07368481332195291 0.09593120556677695
2 0.5599074860601897 0.29257361094156875 0.12456064625368012 0.12434323628743478
2 0.29131281037435924 0.2919232746529405 0.10457023897381608 0.10809911092122401
0 0.6222397476340693 0.4598668068699615 0.055205047318611956 0.11777076761303888
0 0.8564668769716087 0.5005257623554153 0.05993690851735025 0.09253417455310199
0 0.32176656151419564 0.44023834560112163 0.0441640378548896 0.11216263582194187
0 0.15299684542586747 0.48370136698212385 0.06309148264984236 0.10935856992639328
0 0.11435331230283911 0.4794952681388013 0.04574132492113565 0.11216263582194187
0 0.02996845425867508 0.478093235191027 0.05362776025236594 0.098142306344199
