1 0.20124891996383668 0.5088601924754955 0.14913008213043213 0.6172673402009187
1 0.6816261927286784 0.5013530731201172 0.112261962890625 0.47447450425889753
1 0.03812793989976247 0.5615683520281756 0.0754636267820994 0.4931648819534867
2 0.07078946828842163 0.351348227041739 0.08263957500457764 0.10931159125434028
0 0.3612034065114213 0.5220435048809872 0.063863396569381 0.1271424177748978
1 0.8431772867838541 0.5058594315140336 0.08517227172851563 0.3896447075737847
0 0.5761776423730058 0.46910985925930504 0.06092468205561288 0.12177293565538186
2 0.4850973606109619 0.31310888219762734 0.11284856796264649 0.1337723343460648
2 0.25263466835021975 0.33649673461914065 0.10227289199829101 0.1568518744574653
0 0.7721476810587693 0.49526116511214197 0.05787116450842291 0.11699188478445151
1 0.9424653053283691 0.5211804566559968 0.07048206329345703 0.31088434855143227
2 0.400061829884847 0.16197323269314234 0.073431396484375 0.07343224419487847
0 0.9684199333190918 0.8659918891059027 0.0631601333618164 0.1440399169921875
0 0.2886435331230284 0.5061338941465126 0.05362776025236595 0.11496670171749038
0 0.6395899053627759 0.4752891692954785 0.05205047318611996 0.1373992288818787
0 0.8927444794952685 0.5201542236242551 0.04100946372239754 0.08692604276200534
0 0.10410094637223974 0.5131440588853838 0.050473186119873815 0.12337889940413603
