1 0.15213959217071532 0.7935175295229311 0.18679518699645997 0.4044803760669849
1 0.5940825303395588 0.5716447618272569 0.13655087153116863 0.5402591281467014
1 0.7203937530517578 0.4702770657009549 0.13908971150716146 0.5893359148943865
1 0.9506307601928711 0.5192754957411024 0.09873847961425782 0.42927308259186925
0 0.1286703149477641 0.4644238507306134 0.0811106284459432 0.10626085069444445
2 0.11734797557195029 0.3338127136230469 0.07821444670359294 0.0997487951208044
1 0.06666425714733465 0.4393036856719831 0.06820033092980123 0.28851948071896616
2 0.29067962964375815 0.292325281213831 0.09924821853637696 0.11402915672019676
0 0.8439928690592446 0.4848147922092014 0.07468795776367188 0.093316650390625
0 0.30979104157376597 0.43301150619127093 0.06920480878571265 0.14336191198092976
2 0.31315120061238605 0.15957330421165183 0.07577037811279297 0.09658610732467085
2 0.9499994473502464 0.37837523050238026 0.052222022047554655 0.0665898348575078
0 0.39432176656151424 0.4458464773922187 0.06309148264984224 0.15702769015071866
2 0.5559936908517351 0.2902208201892745 0.12460567823343859 0.11496670171749038
