2 0.7003282009991183 0.5677435178653089 0.0936034322913137 0.15451025282588732
2 0.6067729149707107 0.4226212395562064 0.047035568068831975 0.11145155164930555
0 0.5501049041748047 0.551362821790907 0.06360969543457032 0.07173266940646701
0 0.5765337944030762 0.6355347951253255 0.08516387939453125 0.10353266398111978
0 0.6545741324921136 0.7781282860147214 0.10410094637223971 0.10375043813529629
0 0.5323343848580442 0.4640729057132843 0.05205047318611989 0.0644935155976166
0 0.5157728706624606 0.39817735716789343 0.04731861198738166 0.05047318611987379
0 0.37381703470031546 0.41640378548895896 0.034700315457413214 0.025236593059936963
2 0.3138801261829653 0.4290220820189275 0.034700315457413214 0.061689449702068015
2 0.5741324921135647 0.3771468629512793 0.025236593059937036 0.06449351559761653
