1 0.1077140768369039 0.8652769018102575 0.21404422918955487 0.25971334951895253
1 0.4751530806223552 0.46765861511230467 0.19059845606486003 0.5749397277832031
1 0.756427542368571 0.47502185680248116 0.11871509552001953 0.5490222224482784
1 0.06215435266494751 0.47072676199453845 0.08633735179901122 0.42935889915183734
2 0.12015172640482584 0.3328536139594184 0.07540340423583984 0.0989654541015625
2 0.29343921343485513 0.29282892015245227 0.10383710861206055 0.12656767103407118
0 0.6089356822546348 0.46462114982368763 0.07580986865311365 0.14536006761246253
1 0.9284225043688913 0.5339821043659668 0.14202558655844078 0.48851915393592693
0 0.3243169130712403 0.44906060149394145 0.04771505409986807 0.1278743885181569
0 0.39274447949526814 0.46267087276550994 0.059936908517350104 0.13459516298633026
0 0.863564668769716 0.5075359270942867 0.06466876971608826 0.12337889940413603
0 0.14511041009463724 0.48930949877322105 0.047318611987381784 0.0757097791798107
0 0.10567823343848584 0.49772169645986664 0.034700315457413214 0.08131791097090797
