2 0.14498327759197324 0.34271099744245526 0.06481605351170568 0.33248081841432225
2 0.27802675585284287 0.3887468030690537 0.044347826086956525 0.20460358056265984
2 0.4033946488294315 0.3721227621483376 0.046053511705685606 0.14578005115089518
2 0.7957023411371239 0.30818414322250637 0.056287625418060115 0.20716112531969305
7 0.6976254180602006 0.45012787723785164 0.23879598662207363 0.20460358056265981
7 0.5628762541806019 0.6624040920716112 0.1501003344481605 0.21994884910485937
7 0.7820568561872906 0.6956521739130436 0.2848494983277599 0.29667519181585683
7 0.8809866220735784 0.49104859335038337 0.1176923076923079 0.10741687979539667
7 0.3573411371237458 0.530690537084399 0.10404682274247488 0.10997442455242962
8 0.368428093645485 0.32097186700767266 0.37525083612040133 0.29411764705882354
