0 0.3086104006820118 0.28644501278772366 0.18073316283034924 0.16879795396419447
0 0.5822676896845695 0.2378516624040921 0.17902813299232725 0.14833759590792847
3 0.8064791133844844 0.23145780051150897 0.16709292412617216 0.15601023017902813
2 0.5737425404944587 0.7352941176470589 0.30520034100596755 0.5140664961636827
1 0.8337595907928389 0.7365728900255755 0.22165387894288144 0.4961636828644501
1 0.3017902813299233 0.4718670076726342 0.1261722080136403 0.11508951406649609
1 0.5711849957374252 0.4028132992327359 0.1159420289855076 0.13554987212276212
3 0.7945439045183293 0.3849104859335039 0.10912190963341882 0.13043478260869573
3 0.30520034100596766 0.7647058823529411 0.2693947144075022 0.4245524296675193
2 0.30434782608695654 0.59846547314578 0.5677749360613811 0.80306905370844
2 0.578005115089514 0.5831202046035806 0.30008525149190113 0.8337595907928389
2 0.8601875532821824 0.5843989769820972 0.247229326513214 0.8312020460358056
