1 0.0805963774776215 0.4565217391304348 0.055858875479539646 0.05882352941176471
1 0.2577488111413044 0.5447570332480819 0.07501048992966751 0.06138107416879805
1 0.4277193893861893 0.6061381074168799 0.051070971867007625 0.06138107416879791
1 0.6072657748561382 0.5140664961636829 0.052666939737851595 0.06138107416879791
1 0.7668625619405373 0.5370843989769821 0.052666939737851665 0.06649616368286437
1 0.9152875739290277 0.5959079283887467 0.06224274696291557 0.04603580562659845
2 0.9225955582640667 0.7276214833759592 0.1548088834718667 0.49360613810741705
2 0.7724484494884911 0.6726342710997443 0.14363710837595917 0.6547314578005115
2 0.6128516624040922 0.6751918158567776 0.17874840153452695 0.6291560102301792
2 0.42532543757992336 0.7404092071611253 0.1835363051470587 0.493606138107417
2 0.2593447790121484 0.7084398976982093 0.14523307624680298 0.5728900255754464
2 0.09017218470268543 0.6534526854219949 0.17715243366368288 0.6879795396419436
0 0.08618226502557544 0.37851662404092073 0.060646779092071605 0.056265984654731475
0 0.2569508272058823 0.45907928388746805 0.06703065057544781 0.06905370843989786
0 0.4261234215153451 0.5230179028132992 0.07341452205882348 0.06905370843989762
0 0.6064677909207162 0.4258312020460358 0.07660645780051155 0.06393861892583146
0 0.765266594069693 0.44884910485933516 0.0654346827046039 0.07416879795396412
0 0.9240653972186703 0.5102301790281331 0.06383871483375955 0.06905370843989768
3 0.2593447790121484 0.723785166240409 0.1228895260549871 0.30690537084399017
3 0.4277193893861891 0.786445012787724 0.12767742966751916 0.2890025575447573
3 0.7684585298113817 0.7314578005115093 0.1324653332800514 0.3120204603580567
3 0.9152875739290279 0.7774936061381074 0.11650565457161105 0.31202046035805675
