2 0.13485804416403785 0.4905362776025236 0.14353312302839114 0.8233438485804416
7 0.7294952681388013 0.8533123028391171 0.5378548895899061 0.11671924290220877
7 0.4250788643533123 0.5788643533123028 0.23501577287066247 0.35646687697160895
0 0.5993690851735007 0.30441640378548873 0.0473186119873822 0.05993690851735067
0 0.6711356466876971 0.31230283911671924 0.045741324921135626 0.07570977917981071
0 0.7791798107255523 0.413249211356467 0.04416403785488985 0.0630914826498425
0 0.8817034700315457 0.10410094637223974 0.022082018927444835 0.02523659305993691
0 0.939274447949527 0.2854889589905363 0.02681388012618285 0.028391167192429057
0 0.8288643533123028 0.1356466876971609 0.02681388012618285 0.02523659305993691
0 0.557570977917981 0.08990536277602523 0.020504731861198736 0.02208201892744479
7 0.4124605678233438 0.11198738170347006 0.029968454258675045 0.028391167192429033
7 0.08280757097791795 0.4447949526813876 0.06466876971608841 0.8832807570977909
2 0.5764984227129338 0.5078864353312303 0.08359621451104104 0.5047318611987383
2 0.669558359621451 0.5410094637223974 0.08359621451104104 0.526813880126183
2 0.7129337539432177 0.3911671924290221 0.04416403785488953 0.29652996845425866
2 0.810725552050473 0.5694006309148265 0.11987381703470035 0.4321766561514196
2 0.946372239747634 0.4132492113564669 0.056782334384858045 0.302839116719243
2 0.8753943217665616 0.2113564668769716 0.034700315457413214 0.30283911671924296
2 0.8249211356466877 0.22239747634069404 0.037854889589905266 0.23028391167192427
2 0.9164037854889585 0.23028391167192414 0.028391167192428023 0.23974763406940044
2 0.5528391167192429 0.15299684542586753 0.061514195583596276 0.19873817034700317
2 0.4037854889589906 0.138801261829653 0.025236593059936963 0.12618296529968454
2 0.4305993690851735 0.21293375394321767 0.025236593059936894 0.14195583596214512
6 0.8351735015772871 0.2365930599369085 0.11198738170346999 0.2586750788643533
7 0.35646687697160884 0.23974763406940064 0.11356466876971602 0.22082018927444794
2 0.11671924290220818 0.0914826498422713 0.04416403785488958 0.1577287066246057
