7 0.9232736572890025 0.4705882352941177 0.0971867007672634 0.9207161125319694
7 0.6176470588235294 0.493606138107417 0.08439897698209727 0.7979539641943735
7 0.5217391304347826 0.42071611253196933 0.06138107416879791 0.5601023017902813
7 0.4424552429667519 0.34526854219948844 0.05626598465473137 0.45012787723785164
7 0.3631713554987212 0.3861892583120204 0.06138107416879798 0.5115089514066495
7 0.24040920716112535 0.3542199488491049 0.051150895140664975 0.5447570332480819
7 0.180306905370844 0.3248081841432225 0.053708439897698225 0.5421994884910486
7 0.11381074168797953 0.3375959079283887 0.07416879795396418 0.5882352941176471
7 0.7621483375959079 0.5191815856777494 0.1636828644501277 0.7979539641943734
7 0.030690537084398978 0.4130434782608695 0.061381074168797956 0.39641943734015345
7 0.08695652173913043 0.8081841432225064 0.05115089514066496 0.31202046035805625
7 0.15089514066496165 0.7851662404092071 0.04603580562659845 0.36828644501278773
7 0.22634271099744246 0.826086956521739 0.05882352941176471 0.3324808184143221
7 0.3184143222506394 0.7953964194373401 0.06905370843989772 0.34782608695652173
7 0.4296675191815856 0.8401534526854215 0.07161125319693087 0.25319693094629153
