0 0.05456095481670929 0.15601023017902813 0.10912190963341858 0.21483375959079282
0 0.17220801364023872 0.21739130434782608 0.11253196930946294 0.14322250639386186
2 0.2693947144075021 0.5115089514066496 0.12958226768968437 0.6138107416879794
2 0.6726342710997442 0.3644501278772377 0.1687979539641943 0.4782608695652172
2 0.8951406649616365 0.44117647058823534 0.11253196930946294 0.45780051150895124
2 0.6462063086104007 0.7877237851662403 0.2523444160272803 0.35294117647058826
7 0.1687979539641944 0.45012787723785175 0.0988917306052856 0.7109974424552431
7 0.08269394714407502 0.670076726342711 0.16538789428815004 0.6496163682864449
3 0.2770673486786019 0.43478260869565216 0.1040068201193521 0.24552429667519185
2 0.057118499573742536 0.18286445012787728 0.10741687979539641 0.3401534526854221
2 0.17135549872122763 0.3248081841432225 0.10059676044330773 0.5115089514066495
2 0.5541346973572038 0.2595907928388747 0.040920716112532035 0.14066496163682868
