7 0.3232097186700764 0.4999999999999997 0.6234015345268537 0.18158567774936
2 0.7535166240409219 0.5588235294117646 0.49296675191815603 0.8823529411764707
2 0.1381074168797954 0.26342710997442453 0.12276214833759592 0.5217391304347827
2 0.3270460358056265 0.49872122762148335 0.297314578005115 0.45524296675191805
2 0.838235294117647 0.19948849104859334 0.17263427109974416 0.2506393861892583
0 0.6176470588235289 0.22634271099744224 0.23017902813299135 0.22762148337595886
0 0.23593350383631695 0.37979539641943744 0.13427109974424553 0.18670076726342752
0 0.5658567774936061 0.04092071611253197 0.07289002557544755 0.061381074168797956
0 0.8794757033248081 0.12020460358056266 0.09398976982097182 0.1074168797953964
0 0.15153452685421992 0.043478260869565216 0.10358056265984655 0.08184143222506393
0 0.02014066496163683 0.11551576502182904 0.04028132992327366 0.07075875128626517
2 0.03452685421994884 0.30733162179932266 0.06905370843989769 0.4595055543553188
2 0.5179028132992327 0.18670076726342713 0.16496163682864448 0.36317135549872126
3 0.8123401534526853 0.5537084398976982 0.3740409207161122 0.4680306905370847
3 0.1342710997442455 0.2391304347826087 0.14961636828644498 0.24808184143222506
