1 0.568068768323784 0.6861396365695529 0.1806574821472168 0.6277207268608941
1 0.2554759979248047 0.15108278062608504 0.07216758728027343 0.15135633680555555
2 0.5074996471405029 0.47888726128472214 0.07733621597290039 0.19024132622612847
2 0.17302804428508226 0.6355275798253406 0.20094567847552733 0.24363054288215116
1 0.9760279178619384 0.5545151604546441 0.047944164276123045 0.5013561672634549
2 0.7699815766668469 0.42171825832790816 0.0865339312267603 0.15660383436414937
0 0.9090327602831723 0.5523231383336038 0.08893318176269531 0.13016781277126735
0 0.7018927444794953 0.6365229582895198 0.08517350157728715 0.13459516298633012
0 0.3722397476340694 0.8019628461268841 0.11671924290220823 0.17946021731510683
0 0.4613564668769714 0.7921486154924644 0.1088328075709779 0.15983175604626743
