1 0.787638521194458 0.6030426873101129 0.1238633155822754 0.6643398708767362
1 0.5494801521301266 0.6773054864337227 0.16235847473144527 0.6349818548235278
0 0.9028456687927247 0.5377395206027561 0.09179096221923828 0.10983776516384548
1 0.9601415634155268 0.5034791413583632 0.07971687316894539 0.5716699182381348
2 0.022134947776794433 0.4028211805555555 0.04416093826293945 0.16157811482747395
0 0.7022199937597811 0.6627597628331711 0.1413898468017578 0.26071963840060763
2 0.1774982690811157 0.638550059000651 0.2000917911529541 0.26656494140625
2 0.02006983309984207 0.38887151082356775 0.04013966619968414 0.1233554416232639
0 0.3705275021140883 0.8629031975896906 0.1399970635254677 0.16618533985179293
0 0.4968454258675077 0.8229933403434977 0.11041009463722451 0.131791097090781
