1 0.8155546426773072 0.6453815036349826 0.14555926322937013 0.6774081759982639
1 0.5568498611450196 0.688549296061198 0.20309715270996093 0.6229014078776042
1 0.04425365626811983 0.2972694254740473 0.08850731253623965 0.2345879733249091
0 0.3669499036265472 0.8339310032001843 0.1163434284342576 0.19723142616547457
1 0.971583080291748 0.5287540435791016 0.056833839416503905 0.6394630432128906
1 0.25196726322174073 0.15510798560248482 0.06601543426513672 0.1434809366861979
0 0.7310900688171387 0.6565704769558377 0.10224952697753906 0.1429188198513455
1 0.632331371307373 0.089565912882487 0.04833288192749023 0.13507389492458768
2 0.022568796575069428 0.38707309299045134 0.0451344758272171 0.12119988335503472
2 0.17811970710754393 0.6172861735026042 0.20525670051574707 0.24498460557725693
2 0.7505299568176269 0.4118871900770399 0.09937763214111328 0.1352572970920139
0 0.49763406940063093 0.8019628461268841 0.10252365930599368 0.20750087627059244
