1 0.5765784621614763 0.6144176543323026 0.20122067243894953 0.5127566140031463
2 0.16461795605366533 0.6396492421564368 0.1807462511519528 0.23561524619481194
1 0.054563884437084195 0.3148614035712348 0.07968625128269195 0.19855317009819878
1 0.6257271289825439 0.09774125417073566 0.051822757720947264 0.1368949466281467
0 0.3832807570977918 0.8187872415001752 0.10410094637223978 0.15702769015071866
0 0.4834384858044164 0.8047669120224324 0.08044164037854884 0.14020329477742735
0 0.720031545741325 0.6547493866105853 0.0867507886435331 0.11496670171749038
0 0.9179810725552051 0.5439887837364178 0.07570977917981082 0.09533824044865043
1 0.8067823343848581 0.6000701016473887 0.13091482649842262 0.7178408692604276
1 0.9613564668769715 0.8126533473536628 0.07728706624605639 0.3746933052926741
