1 0.46654520034790037 0.10246355533599853 0.08022890090942383 0.1487884044647217
1 0.5471146583557129 0.616285875108507 0.22571277618408203 0.7436618381076389
1 0.7995078086853027 0.47867872450086807 0.1257638931274414 0.6278408474392361
1 0.9704306602478028 0.40618197123209643 0.05913867950439453 0.5732972039116754
2 0.17699782506148512 0.5153689066569008 0.2052548000113067 0.26328396267361104
0 0.9087257385253906 0.4381642235649956 0.09724388122558594 0.13565928141276043
0 0.5099610730300561 0.6929164026730361 0.12199620328115103 0.1809604370673413
0 0.7234053966374797 0.5322397584376992 0.1334159493822415 0.15379232947466281
1 0.2799104690551758 0.05371138784620497 0.07244658470153809 0.09486913681030273
0 0.3797052340552633 0.7050420010336405 0.13718129061750037 0.2458297793672162
