1 0.8130870819091797 0.5837041960822211 0.13177928924560547 0.7002026240030923
1 0.5822266578674317 0.6593840705023871 0.16200714111328124 0.6781082153320312
0 0.9068292617797852 0.550924089219835 0.09136428833007812 0.11041276719835069
1 0.014135189354419708 0.24214367336697049 0.028270378708839417 0.20374696519639757
2 0.17579469882445392 0.6276227838066312 0.1999199110532784 0.23752181076226353
1 0.9677608285416562 0.49865467059499446 0.06447834291668628 0.5425381539789704
2 0.7534729957580566 0.41789432101779517 0.059309959411621094 0.11382539537217883
2 0.524330317560431 0.4740801496000984 0.08131524335698712 0.13363700757058478
0 0.7302839116719244 0.6912022432527161 0.09148264984227154 0.15983175604626695
0 0.37618296529968454 0.7949526813880127 0.11198738170346999 0.17665615141955826
0 0.4858044164037855 0.7584998247458816 0.08832807570977927 0.18226428321065555
