1 0.563901948928833 0.675691646999783 0.17439088821411133 0.6284662882486979
1 0.2684310436248779 0.14750090705023872 0.07249794006347657 0.1573942396375868
2 0.17402646827866977 0.6328431122435879 0.2029380203515573 0.2397713619410014
2 0.7683924214697033 0.4051409281808537 0.09027166697505173 0.1258385308951273
1 0.9705287933349609 0.421008046468099 0.0588531494140625 0.37288479275173614
2 0.5075331687927246 0.47653677198621963 0.07801856994628906 0.18164859347873263
0 0.37223974763406936 0.7963547143357865 0.11671924290220816 0.20750087627059183
0 0.46766561514195604 0.7977567472835613 0.07097791798107245 0.1766561514195584
0 0.7050473186119873 0.6239046617595513 0.09148264984227125 0.13739922888187878
0 0.9100946372239747 0.5566070802663863 0.0914826498422714 0.15422362425517
