1 0.8102383613586426 0.5822709825303819 0.13696632385253907 0.6704450819227431
1 0.560120677947998 0.6700918409559463 0.13578376770019532 0.6495734320746529
0 0.9084626197814941 0.550286865234375 0.093487548828125 0.11109941270616319
1 0.9637299307513313 0.4949891678375235 0.0725401384973375 0.6082853836717417
1 0.27442493438720705 0.13822816212972008 0.07229413986206054 0.16796811421712243
2 0.7637301445007324 0.42617429097493487 0.07509784698486328 0.1339461432562934
0 0.3672611592695916 0.7850718091422536 0.10329845598443439 0.17328807257202
2 0.17709266439973373 0.6249504261839148 0.2056906757294569 0.22567617374263724
0 0.4605678233438486 0.7472835611636873 0.07570977917981075 0.19908867858394672
0 0.7042586750788644 0.6813880126182965 0.12460567823343852 0.19067648089730121
