1 0.7726889610290527 0.5938128259446885 0.15000133514404296 0.6850918028089735
1 0.5310682296752931 0.6760823249482624 0.1967496871948242 0.6360972723039962
0 0.8983735084533692 0.5369386884901258 0.09295120239257812 0.10449193318684896
1 0.9721606254577637 0.4915300263298883 0.05567874908447266 0.6020473692152235
2 0.021018041670322417 0.3937124464246962 0.041737744212150575 0.1356625027126736
0 0.7313114643096924 0.6438141716851129 0.09344148635864258 0.15978868272569444
0 0.3708323382428766 0.8527060122645364 0.13433223447589054 0.22648697193572237
1 0.28227075844156974 0.1452693239246132 0.07872243773673968 0.17592453674145253
2 0.17756665945053102 0.6407230377197266 0.19865448474884034 0.2708257887098524
0 0.49369085173501503 0.8145811426568511 0.11671924290220873 0.15983175604626476
2 0.7342271293375398 0.410795653697862 0.05520504731861249 0.11496670171749047
