1 0.8115768194198608 0.5692526817321777 0.1313480854034424 0.6853946473863389
0 0.9061501502990723 0.5475721995035808 0.09548816680908204 0.11907221476236979
1 0.9677444458007812 0.489673826429579 0.0644918441772461 0.5375858730740017
1 0.2591863632202148 0.13947247399224177 0.07867159843444824 0.15281249152289497
2 0.5292160987854004 0.4826264229984063 0.09904022216796889 0.19928571003761097
2 0.7482346534729004 0.4074141608344184 0.06820354461669922 0.1165008544921875
1 0.5654935766093737 0.6609265539381238 0.33842807553167936 0.6781468921237512
2 0.1750788643533123 0.6309148264984227 0.19873817034700317 0.24675779880827192
0 0.7326498422712934 0.7304591657903962 0.09305993690851735 0.15422362425517008
0 0.48343848580441645 0.7837364178058185 0.0899053627760253 0.17104801962846125
