1 0.8498584508895874 0.8514821370442708 0.15550198554992675 0.2959648980034722
2 0.5413527965545655 0.45787531534830733 0.19808835983276368 0.23237406412760417
1 0.7613824844360352 0.4549112213982475 0.1703216552734375 0.5702953550550672
2 0.9809660911560059 0.12268712520599365 0.03806781768798828 0.13809844652811687
2 0.17487465951721007 0.5902660755788575 0.2224245673098397 0.26435431120398034
1 0.980161476135254 0.101658386654324 0.03886985778808594 0.13858937157524956
2 0.9845029830932617 0.14071482552422418 0.03099212646484375 0.10403126610649957
2 0.7066246056782335 0.30283911671924285 0.14195583596214503 0.22993340343498073
0 0.7089905362776026 0.6463371889239395 0.11198738170346977 0.13179109709078196
0 0.36119873817034703 0.8384157027690151 0.10410094637223975 0.22993340343498062
2 0.8777602523659308 0.31545741324921134 0.09936908517350146 0.1710480196284613
