1 0.5491439819335937 0.6181085798475477 0.22640495300292968 0.7072636074490017
1 0.031075090169906616 0.1838767369588216 0.062043821811676024 0.17719476487901475
2 0.19202912056859742 0.5564869123218855 0.22260371668481685 0.24910913548300745
0 0.00989898294210434 0.9164231194390191 0.01979796588420868 0.1671537611219618
2 0.8741196027689554 0.28573327437226 0.1284110324991994 0.17010732972325251
1 0.8962959289550781 0.06369416978624132 0.03179912567138672 0.083950678507487
2 0.7082018927444795 0.26778829302488605 0.14826498422712922 0.22712933753943212
0 0.7334384858044163 0.6295127935506485 0.11041009463722404 0.16543988783736424
0 0.36829652996845424 0.813179109709078 0.12460567823343852 0.22993340343498075
0 0.46845425867507856 0.7865404837013671 0.08832807570977991 0.14300736067297598
