2 0.7117631276448567 0.3585308498806424 0.08972854614257812 0.11164940728081599
2 0.0748938798904419 0.34799645035355176 0.09195027351379395 0.12117798416702835
0 0.882257080078125 0.496826171875 0.06847508748372395 0.08403184678819445
2 0.9399220466613769 0.42855046590169266 0.04479236602783203 0.07960120307074653
2 0.48784948839374126 0.3158952642370154 0.1277262398873214 0.11362217090747975
0 0.30936400890350346 0.49157512806080006 0.11432461738586426 0.1541526229293258
0 0.11304316745070128 0.5058031172406411 0.057635536379367885 0.15722466116823994
2 0.24742077191670733 0.3334705776638455 0.10948445002237955 0.13763800726996528
0 0.5818071906749633 0.4698262783032263 0.07425782389695937 0.13679960339770497
2 0.8233438485804416 0.3883631265334735 0.04731861198738159 0.08692604276200491
0 0.6458990536277602 0.493515597616544 0.04889589905362776 0.14581142656852436
0 0.7776025236593059 0.49631966351209256 0.06624605678233422 0.10094637223974764
