1 0.0694077471892039 0.5218022946958188 0.12103254397710166 0.4493062902379919
1 0.4777689456939697 0.45293714735243057 0.14116506576538085 0.47460462782118057
2 0.2889248768488566 0.29772878576208045 0.10692496299743652 0.12208042851200811
2 0.11875206232070923 0.3314635241473163 0.0833383321762085 0.10741076999240452
0 0.8482480633772758 0.5097546800857866 0.06012472760414187 0.11855235937140601
0 0.6171447138179613 0.4302015683628405 0.07511081515050455 0.14315262750036653
1 0.09696006774902344 0.8628255208333333 0.19392013549804688 0.2616156684027778
2 0.7613282435323917 0.32701558134157205 0.0821399111100927 0.11035779624749091
0 0.38880126182965297 0.4668769716088328 0.05835962145110415 0.13179109709078163
0 0.3280757097791798 0.4346302138100245 0.05047318611987382 0.11777076761303895
0 0.11356466876971609 0.4724851033999299 0.034700315457413276 0.07570977917981074
0 0.14511041009463724 0.4865054328776726 0.05047318611987377 0.0813179109709079
