1 0.2015903870264689 0.5062752476444952 0.1500275770823161 0.6251312538429543
1 0.6956924120585124 0.5240285096345124 0.1463949203491211 0.47158454612449363
1 0.038948194185892744 0.54989013671875 0.07789638837178549 0.4879391140407986
1 0.8367764472961425 0.5370616347701461 0.11543025970458984 0.4087391888653791
0 0.35835229154640946 0.5213262903173612 0.065951943322311 0.12011867602972626
2 0.07110259433587393 0.352777353922526 0.0831978976726532 0.10971866183810765
2 0.2603080908457438 0.33806385464138455 0.09641211827596029 0.15626195271809895
2 0.49056969145244333 0.31249522456416384 0.13000012356650853 0.13418025264033573
1 0.9376512987756576 0.5075844295059135 0.06670002922274691 0.28625820091720916
0 0.5818257200479757 0.4660269672506559 0.06436586710932832 0.13440720292644195
2 0.39952433904012047 0.16018303765190972 0.07609291076660156 0.07887318929036459
1 0.7714989344278971 0.17336252000596786 0.030274581909179688 0.07823113335503472
0 0.6448970608154683 0.4701124277971713 0.05726301993481338 0.13096850457934137
0 0.29258675078864355 0.524360322467578 0.05835962145110415 0.14020329477742735
0 0.10804416403785488 0.5075359270942867 0.055205047318611984 0.14581142656852442
0 0.7870662460567825 0.5201542236242551 0.04731861198738173 0.12618296529968462
0 0.8958990536277602 0.5285664213109008 0.031545741324921155 0.05888538380651937
