2 0.7131747563680014 0.3587511274549696 0.09110425313313802 0.1166976081000434
2 0.07127246459325154 0.3531193203396268 0.08772358099619547 0.12079874674479169
2 0.4910801887512207 0.31330368607132525 0.11842861175537109 0.12199424461082176
0 0.7707876881339696 0.5006766152473822 0.07518869233557565 0.13368467911895124
0 0.5799102620747565 0.46320715100983323 0.05004472662347068 0.11507430907261827
0 0.8902578600573612 0.5114469967429944 0.05591906077227561 0.0692670579463021
2 0.2484619381299905 0.324810023240389 0.1145455225032965 0.09968295221588389
0 0.09578752319018047 0.5190392388237847 0.08272168238957724 0.14394599066840277
0 0.3651419558359621 0.493515597616544 0.06782334384858046 0.1850683491062039
0 0.29968454258675076 0.5075359270942867 0.050473186119873815 0.16263582194181558
