1 0.0734251856803894 0.5718255784776476 0.1045820951461792 0.2867707994249132
2 0.7229842662811279 0.25714085896809896 0.10732269287109375 0.13185662163628473
2 0.887076473236084 0.2893850538465712 0.08124523162841797 0.1081546359592014
0 0.9631782531738281 0.44715177747938367 0.07157936096191406 0.12376632690429687
2 0.7700155258178711 0.11967223485310871 0.06497974395751953 0.08597240447998047
0 0.8481499671936035 0.43266728719075515 0.11742725372314453 0.15835486518012154
2 0.45218544006347655 0.2444628185696072 0.1253800392150879 0.1310201432969835
2 0.9745107650756836 0.31717308892144097 0.04993858337402344 0.10516315036349827
0 0.15742967128753663 0.44292581346299914 0.0743642807006836 0.1043607923719618
2 0.5133110523223877 0.08012834125094943 0.08368768692016601 0.0849538803100586
0 0.38212246894836427 0.4414424048529731 0.10912485122680664 0.13071729871961807
0 0.6047866039095617 0.454204959581912 0.060905075073242186 0.10331993103027345
0 0.692429022082019 0.41920785138450756 0.0662460567823345 0.12057483350858746
