1 0.9326117515563965 0.5150500544795285 0.1346414566040039 0.48100037751374425
1 0.48686178635598215 0.4883138868543837 0.13686399239220184 0.5526279590747973
1 0.739922587076823 0.48559116787380646 0.10752080281575521 0.5360455830891927
1 0.06382209062576294 0.5146580872712312 0.10730092525482178 0.45050876758716724
2 0.11948425769805908 0.33335578353316697 0.08022643725077311 0.1016047442400897
2 0.281256365776062 0.3070278450294777 0.10348381996154785 0.12087795116283276
1 0.207890780766805 0.10975762826425058 0.03150510787963867 0.0947517677589699
0 0.8383334159851075 0.4950990747522425 0.07753772735595703 0.13009106671368634
0 0.6270811879171057 0.4615254427676642 0.07065477301019016 0.14308974850691697
0 0.1426054341559906 0.4936226487006521 0.07772601099545784 0.14993233870702274
0 0.3249211356466877 0.46827900455660704 0.07255520504731859 0.17385208552400983
2 0.5662460567823344 0.29723098492814587 0.09779179810725552 0.10655450403084477
