0 0.8410575866699219 0.4680220003481264 0.07705116271972656 0.11897263703522859
2 0.759234644912896 0.3383211206506801 0.08990981987472833 0.12096913655598965
0 0.04778574109077453 0.48263155619303383 0.08567589521408081 0.12325176662868924
2 0.9396229385953596 0.38165054419341815 0.06467196948896839 0.1112010229774581
2 0.11455352506928385 0.34022401880334924 0.08130835298484057 0.10441032692238132
1 0.14697349844921517 0.48627779800516663 0.07864555061552934 0.19795767713587537
0 0.6262043059436304 0.5494781814594805 0.0699588121801272 0.32001515141239883
2 0.2847003154574132 0.30984928145811425 0.12145110410094634 0.10375043813529622
2 0.5488958990536278 0.29442691903259727 0.14511041009463724 0.12337889940413603
0 0.3217665615141956 0.46267087276550994 0.050473186119873815 0.15702769015071857
