2 0.11531668106714883 0.334203451651114 0.08270974953969318 0.0995363023546007
0 0.10175281247882068 0.4915281497007327 0.029915579185124764 0.09530365011627728
2 0.9384895264538307 0.3813597421415472 0.05176163120851407 0.10076467124278436
2 0.02888184189796448 0.34330193708678075 0.05702744722366333 0.10882527079171612
2 0.7502932214586516 0.32142658066507207 0.0772077044979378 0.09766465757672876
2 0.5604232632650061 0.3049407958984375 0.1274852441813791 0.124240564416956
0 0.6248894693472908 0.48251323991880907 0.06544483818591734 0.15002972121160166
2 0.2821835807445298 0.29341399875502255 0.09269616445908396 0.08996809905816891
0 0.8462145110410094 0.4738871363477042 0.06151419558359621 0.10094637223974771
0 0.1435331230283912 0.4991237294076411 0.041009463722397485 0.09533824044865057
0 0.026025236593059935 0.48370136698212407 0.03943217665615142 0.06449351559761653
