2 0.2936892032623291 0.2900064680311415 0.10170958836873373 0.1289385477701823
2 0.5563642306282693 0.2963671790228949 0.12790103816083534 0.14539091322157124
0 0.6090418662182545 0.48405308501159644 0.07504822964673213 0.17025744106909044
0 0.11120507159318337 0.47307466590971403 0.03357958134291171 0.12190686161376826
0 0.8668933272737809 0.5056598825562792 0.06843185424804688 0.09142538000036168
0 0.3837787863834673 0.45480642371094676 0.06513764434557727 0.15173948376879878
0 0.32568205914662846 0.4398167130712845 0.04589283097805622 0.14248536505812248
2 0.029635867347978014 0.35570608523003705 0.05927173469595603 0.10619861965132664
2 0.9422957712167443 0.36534868421531175 0.05207652022785967 0.06390141976159609
2 0.764632738676984 0.31766516213829876 0.0795834899324719 0.09082470954140011
2 0.11581473493425626 0.33186896090502493 0.07610014169374099 0.08484028101886648
0 0.15694979357794633 0.48993305434048584 0.062354172266369405 0.12010004137397758
