1 0.17695145606994628 0.4779261412443938 0.17825870513916015 0.5815412450719762
1 0.8903921127319336 0.3473095364040799 0.07757453918457032 0.31410149468315973
1 0.6222102165222169 0.3901632520887587 0.16403751373291015 0.4984357480649595
1 0.7885188451700782 0.34576410007666225 0.07068264657390598 0.392432212896444
1 0.9712127685546875 0.4349728478325738 0.05578422546386719 0.318860117594401
2 0.03960475325584412 0.3780555583812572 0.077816641330719 0.1185420000994647
2 0.21293375394321767 0.283210655450403 0.12302839116719243 0.09533824044865052
2 0.4400630914826498 0.23554153522607785 0.13564668769716073 0.10655450403084464
0 0.33280757097791797 0.45425867507886436 0.06624605678233436 0.17385208552400988
0 0.26735015772870663 0.4248159831756047 0.0457413249211357 0.12618296529968454
0 0.5433753943217665 0.3505082369435682 0.07413249211356479 0.1121626358219418
0 0.7468454258675078 0.3308797756747283 0.06151419558359621 0.11777076761303888
0 0.8501577287066246 0.3140553803014371 0.047318611987381874 0.08412197686645641
