1 0.32710539499918617 0.6387022089075158 0.13981068929036458 0.7034425240975838
1 0.685358206431071 0.5277936299641927 0.11178951263427735 0.47452929461443866
1 0.052044665813446044 0.5311505494294343 0.10408933162689209 0.4261460763436776
2 0.39848670959472654 0.16719412627043545 0.07757530212402344 0.07821104261610243
1 0.9412761688232422 0.5296549479166667 0.07454185485839844 0.33097941080729165
1 0.82833432730064 0.5288780938438308 0.0924207771614141 0.42143116311528905
2 0.24382238388061528 0.32753567165798614 0.10021870930989583 0.13123558892144097
2 0.4929929733276367 0.3198952992757162 0.11945838928222656 0.13914498223198785
0 0.13027215003967285 0.5211352878146701 0.1097264289855957 0.18479207356770833
2 0.7443792978922527 0.3609744177924262 0.04864629109700522 0.07898974948459202
2 0.08073144380226495 0.337179551301179 0.09148205868453252 0.12979349206995075
0 0.5725552050473186 0.4808973010865756 0.06624605678233443 0.12057483350858746
0 0.6466876971608834 0.5187521906764809 0.059936908517350174 0.1121626358219418
0 0.7862776025236593 0.5075359270942867 0.05520504731861209 0.10094637223974771
