1 0.7875479380289713 0.491680908203125 0.19119974772135417 0.5240292019314237
1 0.938300609588623 0.5015464923999927 0.1233987808227539 0.4577097857439959
1 0.0661452054977417 0.5189000306306062 0.11736059188842773 0.4544977541323061
1 0.5049032370249429 0.87581541273329 0.24907986323038733 0.24836917453342014
2 0.29423174063364665 0.294733676203975 0.10204237302144369 0.11715484901710793
2 0.11843652725219726 0.33153379934805405 0.07753384908040364 0.1029383624041522
1 0.5081899642944336 0.452344724867079 0.09312489827473959 0.5319153679741754
0 0.12928955554962157 0.5077001218442564 0.0752806822458903 0.08515099419487847
0 0.35801148414611816 0.4771711702700015 0.1222529411315918 0.1544788219310619
0 0.6150203704833984 0.4604219224717882 0.11212946573893229 0.13064202202690972
