2 0.06635136008262635 0.3495356100576895 0.09119092226028443 0.11131323355215567
2 0.7094616254170737 0.3584718916151258 0.08386262257893878 0.11643193562825521
0 0.7825040365995294 0.5224650230902437 0.06740184908284252 0.1468195830874531
2 0.8240638426049651 0.39757461547851564 0.05315569808430501 0.08964397289134818
0 0.8808881759643554 0.4953116381609881 0.06280504862467448 0.09212796246563947
2 0.39982968454732004 0.1677148319569296 0.07307584513875849 0.07923521720885336
2 0.24684542586750788 0.3280757097791798 0.11829652996845422 0.12337889940413606
2 0.4873817034700316 0.3308797756747283 0.12618296529968454 0.11777076761303888
0 0.5788643533123029 0.4893094987732212 0.059936908517350174 0.13739922888187878
0 0.3588328075709779 0.5159481247809323 0.05205047318611989 0.19628461268839814
0 0.2957413249211357 0.48370136698212407 0.06151419558359624 0.148615492464073
0 0.11041009463722398 0.4907115317209954 0.06940063091482652 0.14020329477742727
