1 0.8533346120992787 0.40977543789533427 0.06383706242253345 0.2595728145384987
1 0.19260730743408203 0.538755261456525 0.12880592346191405 0.547634831181279
1 0.9381330490112305 0.524786376953125 0.07888679504394532 0.313946533203125
1 0.6393438185803145 0.8453152974446616 0.2898768742879232 0.30936940511067706
1 0.04891563256581624 0.5475751241048177 0.09783126513163248 0.5436365763346355
2 0.40246100425720216 0.1658395837854456 0.06912069320678711 0.06783565945095486
2 0.4947307586669922 0.3158040364583334 0.12291984558105469 0.13437986020688658
2 0.06788475314776102 0.3491235803674768 0.07439895073572794 0.10026923285590278
2 0.7177014237573343 0.3579437255859375 0.09302177429199218 0.11035325792100695
1 0.6062486330668131 0.15144314236111112 0.04630209604899089 0.1185511271158854
0 0.5784230172070044 0.46104719030730323 0.05593885848950892 0.13543088903827147
0 0.319304084777832 0.4793456183539497 0.09153671264648437 0.1400034021448206
0 0.10658845901489258 0.4658723760534216 0.08781051635742188 0.12076469703956887
1 0.7839116719242903 0.5411847178408692 0.11041009463722397 0.34209603925692306
