0 0.0381113330523173 0.4622409396701389 0.07262345155080159 0.13440043131510418
0 0.8335779190063477 0.5120268362539786 0.08583768208821613 0.11609502721715856
0 0.6133806864420572 0.44348770424171724 0.08712730407714844 0.13878120139793113
2 0.9391472356176527 0.3739568376724987 0.05301666259765625 0.09095865885416667
2 0.2852701505025228 0.3077398512098524 0.10538673400878906 0.11928840919777199
2 0.7506626746882649 0.31415034848014967 0.07278042862468001 0.10400691450805143
2 0.11230202118555706 0.33476113213433156 0.08429650465647381 0.1020342226381655
0 0.3236034284004025 0.45474242415296123 0.06178789690340635 0.1414091049392224
2 0.5507771850008316 0.2951733059353296 0.13214252002607785 0.14021114773220483
2 0.029653835296630855 0.34907480942505176 0.059307670593261703 0.09101718724755886
0 0.38564668769716093 0.46126883981773575 0.045741324921135626 0.15983175604626715
0 0.14037854889589904 0.4879074658254469 0.07886435331230283 0.14020329477742735
