1 0.7445090293884278 0.46720034281412764 0.13501110076904296 0.6083774990505643
1 0.6007727146148681 0.569572491115994 0.14828672409057617 0.5457647535536024
1 0.09945914149284363 0.5056058530454283 0.12173067331314087 0.4389698169849537
1 0.9505215962727865 0.5187523312038845 0.09895680745442709 0.4314582824707031
0 0.12930405537287396 0.46502694023980035 0.08804372946421307 0.10672217475043402
1 0.5334984476007244 0.9145096107765477 0.22363389623904742 0.16974696406611678
2 0.2912633816401164 0.2920740692703812 0.0971152146657308 0.11506066498933015
2 0.12140635251998902 0.33224125614872685 0.07373583316802979 0.09637654622395835
0 0.39568575112977583 0.43343797521705973 0.077137868562331 0.16613599989149302
0 0.8429157257080078 0.48536625614872686 0.07577921549479166 0.10022142198350695
2 0.5568970013868167 0.2882618962611142 0.1303504128561413 0.11078695178463702
0 0.3148028907214303 0.43984574925079156 0.06744108531001249 0.14775625158239294
2 0.31369425455729166 0.16170502062197084 0.07760295867919922 0.09759628154613352
1 0.20858532587687176 0.11126853095160591 0.026727867126464844 0.09125501844618056
2 0.9499090339107092 0.37409810261102977 0.054023713794793246 0.06646997768448035
