2 0.44235526575275 0.22596411983018896 0.12726215017581438 0.12596529704246695
0 0.2705109437808129 0.441888746784619 0.0521626896662664 0.14876022450290727
0 0.5868891275768903 0.36292509044883886 0.05955981225496083 0.13285974769311498
2 0.20717655168346816 0.29657501693584754 0.11748525592430895 0.14519451184589768
2 0.7755297102010589 0.22083872204448654 0.057331960509628195 0.08624966925919533
2 0.043440635723270435 0.36268229706848115 0.08688127144654087 0.15073076086159062
0 0.8467950808889106 0.32905994704538777 0.07429540937004538 0.0956066594668144
0 0.331230283911672 0.47809323519102703 0.05993690851735014 0.148615492464073
0 0.08517350157728706 0.5159481247809323 0.056782334384858045 0.1402032947774272
1 0.6364353312302838 0.27339642481598303 0.14668769716088303 0.26077812828601443
