1 0.8808999215014727 0.46745967158564805 0.12730773179689034 0.37903148509837953
2 0.6623935063680012 0.20681565602620444 0.08592694600423177 0.10530162387424045
0 0.723263168334961 0.3205482765480325 0.07234751383463542 0.11246654369212963
0 0.8449325561523438 0.32857835557725695 0.06795005798339844 0.0887571546766493
0 0.5449654787747518 0.35528079662552514 0.07079040996659818 0.13221316671299058
2 0.044170104905759254 0.3706268598019678 0.08834020981151851 0.15993375326932768
2 0.4399172356702804 0.2403251818427278 0.12655400898930397 0.1360440239169245
0 0.10660925308863323 0.5236353132459852 0.14117379983266196 0.20094239976671008
0 0.6167192429022081 0.35050823694356814 0.053627760252365916 0.11777076761303888
0 0.31072555205047314 0.478093235191027 0.07886435331230285 0.21030494216614087
2 0.21135646687697157 0.3014370837714688 0.11987381703470025 0.143007360672976
2 0.7776025236593059 0.21451104100946375 0.04731861198738173 0.08131791097090779
