1 0.7498944600423176 0.4806122532597294 0.1285437266031901 0.6133034882722077
1 0.09649699529012044 0.8681833620424624 0.1929939905802409 0.2606448138201678
2 0.12296580870946248 0.3306301823368779 0.07491605281829834 0.09793141682942709
0 0.317715537284827 0.4426889534321938 0.05523079622431123 0.11187909947807731
1 0.49286442735593766 0.446320992928964 0.1238685421387102 0.42709045410156243
2 0.2894293552192103 0.2931225600066008 0.10533191252707445 0.113183918705693
2 0.5754345331282269 0.2952863057454424 0.10821754263026458 0.10156334771050343
1 0.07102283239364623 0.48915846082899306 0.1194150686264038 0.40268724229600694
0 0.6286353860367739 0.4840090870091197 0.07469364731845768 0.2028298736440339
0 0.8564668769716087 0.4949176305643183 0.05993690851735025 0.13179109709078163
0 0.39747634069400634 0.4458464773922187 0.056782334384858045 0.1345951629863302
0 0.14274447949526814 0.487907465825447 0.06151419558359621 0.1289870311952331
0 0.02208201892744479 0.48930949877322083 0.03154574132492113 0.07570977917981064
