1 0.8830989201863606 0.6048608709264685 0.20072059631347655 0.4681579872413918
1 0.8903236389160156 0.3403655582004123 0.07713279724121094 0.3239529927571614
1 0.1649338960647583 0.4838877360026042 0.1653894901275635 0.5732208251953125
1 0.7995007514953614 0.3631578233506944 0.07313747406005859 0.40501607259114586
1 0.6528827667236328 0.3767188884593823 0.08699467976888021 0.46511465001989294
2 0.03717318375905355 0.38951950073242186 0.0743463675181071 0.1227361043294271
0 0.33686783907917395 0.4518864787757249 0.0712111074967087 0.16533767775071978
2 0.20910005348839342 0.2869888572857778 0.11374066229498345 0.1137220281294984
2 0.4377352654369848 0.2378063593669561 0.1305250350358484 0.13314107259114577
0 0.27444794952681384 0.45706274097441296 0.047318611987381694 0.1121626358219418
0 0.5504731861198738 0.3589204346302138 0.0694006309148265 0.123378899404136
0 0.7452681388012619 0.3350858745180511 0.06151419558359621 0.08692604276200491
0 0.8572555205047319 0.31545741324921134 0.03627760252365931 0.07570977917981075
