1 0.07389170080423355 0.5739419301350911 0.09636006057262421 0.2735230339898003
2 0.7231675148010254 0.25926666259765624 0.10906524658203125 0.12771131727430557
0 0.9638370513916016 0.447686047024197 0.07008743286132812 0.12095387776692706
2 0.9746194839477539 0.31551356845431855 0.04986705780029297 0.10926242404513889
2 0.7700513362884521 0.11929563946194119 0.0663081169128418 0.08586533864339191
0 0.8502656698226929 0.43303354051378035 0.11762814521789551 0.15886806911892362
2 0.8875877380371093 0.28822339375813805 0.08102531433105468 0.10719875759548611
0 0.15707336664199828 0.4430447896321615 0.07360084056854248 0.10075022379557291
2 0.45097007751464846 0.24430330064561634 0.125985050201416 0.13088934156629775
0 0.3818215370178223 0.4407413906521267 0.10665750503540039 0.12967105441623264
2 0.5135642051696777 0.07998366620805529 0.08486747741699219 0.08309085104200575
0 0.6940063091482651 0.4220119172800561 0.06309148264984245 0.11496670171749038
0 0.6025236593059937 0.43603224675779884 0.08201892744479501 0.14300736067297584
