1 0.35446810722351074 0.47701229519314237 0.12841310501098632 0.4960106743706597
1 0.18380415042241416 0.5119777820728444 0.1706042210261027 0.5438425134729457
1 0.1352433443069458 0.8680991561324508 0.1904426097869873 0.2457479406286169
1 0.8943117141723633 0.35815402843334054 0.07603950500488281 0.34076162267614296
1 0.641918690999349 0.33861189948187936 0.11548385620117188 0.3965243021647135
1 0.8308753967285156 0.3845933984827113 0.08222020467122397 0.36736602783203126
2 0.21166675338985785 0.2861239751180013 0.10227360229010835 0.13299819098578555
0 0.7456995070544705 0.325230979496024 0.06133714910561335 0.08911340390149766
1 0.968959903717041 0.3735131440339265 0.060162925720214845 0.23206804063585068
2 0.4442197913000384 0.23073248686613856 0.12441276827069099 0.1259210374620225
0 0.6195631065328543 0.3705613023196582 0.059231054745262475 0.1060878027626142
2 0.04197918176651001 0.3642213154875351 0.08395836353302003 0.14396326185623784
0 0.547010655809276 0.3722055630171909 0.07957348547774 0.13095292809940218
0 0.2684366232213161 0.45344321741959204 0.04930600428054763 0.15087493137021357
0 0.08675078864353314 0.5145460918331581 0.04100946372239748 0.1093585699263933
