2 0.2923137029012044 0.2957299055876555 0.09865074157714844 0.11896250689471209
0 0.1281331419944763 0.4836296929253472 0.08238136768341064 0.11709764268663195
2 0.11213443676630655 0.34026181256329574 0.08197206656138102 0.1062349107530382
0 0.8412302017211915 0.4784678282561125 0.08637619018554688 0.1292963946307147
0 0.04567600091298421 0.4792327598289207 0.08214637438456217 0.12342828821252894
2 0.5535229436230584 0.2940700531005859 0.1287900431299058 0.12868830362955727
0 0.3812620493891864 0.48596251904790355 0.05352871229971993 0.10411053004701046
0 0.6153547286987304 0.5062168545193143 0.1009161631266276 0.1679380628797743
2 0.9475265144925765 0.37881218889826784 0.048366175389816156 0.07418613427152461
2 0.031129594054758614 0.3512290647952184 0.06225918810951723 0.0981201171875
2 0.7531545741324922 0.31125131440588855 0.08359621451104104 0.10094637223974769
