1 0.09676746527353924 0.889961666531033 0.1935349305470785 0.21954566107855902
1 0.9261133193969726 0.5278174506293403 0.10569496154785156 0.3448927137586806
1 0.20090485413869225 0.5247996436225043 0.1228426774342855 0.6166275872124566
1 0.6734947204589844 0.5219615794994213 0.13322067260742188 0.47976707175925926
1 0.8217618624369303 0.5028167583324291 0.11411520640055338 0.38691137808340564
1 0.05641781489054362 0.5315740797254774 0.11283562978108724 0.5160690307617187
2 0.49487648010253904 0.3293957886872468 0.1259380340576172 0.13598550867151332
0 0.7808435900354235 0.5050962801332828 0.06361532542231678 0.10270914148401329
1 0.7045050303141277 0.4058094024658203 0.07293434143066406 0.24360580444335939
0 0.2947496914587812 0.4999700870061535 0.05215205343990539 0.17105782944850545
2 0.07126756310462952 0.3473637474907769 0.07952507734298705 0.10592625935872396
0 0.35646687697160884 0.5201542236242551 0.059936908517350104 0.16543988783736416
0 0.5780757097791799 0.4949176305643183 0.06466876971608826 0.14861549246407293
0 0.6522082018927445 0.5187521906764809 0.04889589905362783 0.11777076761303895
0 0.8911671924290219 0.5089379600420608 0.03785488958990552 0.08692604276200458
