2 0.11637704372406006 0.33327195909288193 0.08147460619608561 0.09967753092447916
0 0.04340103069941203 0.47581548337583185 0.07666407426198324 0.11325053462275753
0 0.610678227742513 0.45077131765860096 0.11638412475585938 0.19246958979853876
2 0.9434852190950315 0.37567871633931454 0.05061073303222656 0.08635869909215858
0 0.8445338249206543 0.5070167824074074 0.06931858062744141 0.1002471923828125
2 0.02997655471165975 0.33889201128924334 0.05834993521372477 0.12692619606300637
0 0.3494471391042074 0.46521055433485237 0.15094868342081705 0.16668593795211226
0 0.1311608639425283 0.5253028214904021 0.04368059116207099 0.09506527936017087
0 0.11089852239807321 0.4738916955772497 0.030329766459018758 0.08156118026360751
2 0.7468454258675078 0.3252716438836313 0.07097791798107252 0.10655450403084472
2 0.2807570977917981 0.3126533473536628 0.09779179810725552 0.10375043813529619
1 0.4850157728706625 0.39256922537679645 0.12460567823343852 0.3308797756747284
