2 0.11704432964324951 0.3320946587456597 0.08231883049011231 0.10191226535373264
0 0.14450540467391637 0.5062907672984143 0.0454227510686928 0.08681702344742664
2 0.9456755833670921 0.3826795426244031 0.06132064723066008 0.1105927241044926
2 0.7686623504109191 0.3348957878725175 0.11569463206390537 0.13027522384263807
2 0.2871108497354885 0.2985997031205502 0.11052279266774616 0.0905046796614859
2 0.028566479682922363 0.35656224003544557 0.05500142574310303 0.09016248914930555
0 0.6243844618932681 0.48356489998699004 0.0690497373306166 0.13344147881972387
2 0.5634308336159658 0.3032728689688222 0.13366842229784975 0.12456749810112841
0 0.8485804416403785 0.4822993340343498 0.06940063091482643 0.10655450403084472
0 0.1056782334384858 0.48370136698212407 0.03470031545741325 0.07570977917981069
0 0.025236593059936908 0.48229933403434977 0.04416403785488959 0.08973010865755342
