1 0.11207650303840637 0.6136182007966218 0.16045440435409547 0.3933447661223235
1 0.19690701166788738 0.49957562905770764 0.139598019917806 0.6123841603597006
1 0.6963919639587403 0.48882677996600116 0.10388126373291015 0.3738115098741319
2 0.4887120246887207 0.3223619955557364 0.12488040924072266 0.13202963935004342
1 0.5699289321899415 0.10204290460657191 0.034682846069335936 0.08404112921820747
0 0.5766742521781398 0.48102368514021643 0.06353153545648409 0.0965460146068206
1 0.024989417692025503 0.5148702409532335 0.049978018800417585 0.46062681410047746
0 0.8862107912699382 0.5016898261176215 0.06912899017333984 0.09910346137152778
2 0.8292008995633772 0.3887813446440698 0.049422264099121094 0.08331383599175349
0 0.11741096973419189 0.8985601354528358 0.21194682121276856 0.19887401439525462
0 0.36399730578080586 0.5373732986120383 0.046595210607871744 0.12585653480434414
1 0.05702710151672363 0.1775057933948658 0.033341598510742185 0.1187681339405201
0 0.9664390041499737 0.5343831753700132 0.039612729165831945 0.10436269566477673
2 0.25613281526274717 0.31997556934875915 0.10330698096539066 0.12415054959523239
0 0.6380126182965299 0.5117420259376096 0.05520504731861211 0.1037504381352962
0 0.779968454258675 0.48510339992989837 0.04889589905362783 0.09533824044865057
0 0.305993690851735 0.493515597616544 0.05047318611987382 0.10655450403084472
2 0.07492113564668769 0.32807570977917977 0.08675078864353311 0.13459516298633015
