0 0.038075483838717145 0.462737528483073 0.07223843534787495 0.13644194426359954
0 0.8347116470336914 0.51185056898329 0.087677001953125 0.1156431410047743
0 0.6120166778564453 0.4428957056116174 0.09090245564778647 0.14595885100188077
2 0.2856223344802856 0.3071040683322483 0.10623335838317871 0.11981613724320023
2 0.9398198036490679 0.3755632157832165 0.05216903686523437 0.09548077053493924
1 0.9110898017883301 0.7057261996799045 0.1776571273803711 0.502860344780816
2 0.748742705765332 0.3212631618688285 0.07074197133382161 0.12727118598090278
2 0.551124136831482 0.29170964558919255 0.12863987522546474 0.14024047851562482
0 0.3141294012059675 0.4532595196231557 0.0442755878661081 0.14651996065681966
2 0.02840782969281252 0.3468457001031928 0.055898269017537444 0.0850905524359809
2 0.11723689694509896 0.33602084407099975 0.08195691108703614 0.10272417421694154
0 0.3840694006309148 0.45706274097441296 0.05835962145110408 0.16824395373291273
0 0.1474763406940063 0.5075359270942867 0.083596214511041 0.14581142656852442
