2 0.2940370718638102 0.29077777862548826 0.10277732213338214 0.12382452223036024
0 0.32242169219738065 0.4500476458763763 0.043673711971278714 0.1420396683803581
0 0.8555070877075195 0.4849779764811198 0.06870880126953124 0.0900941636827257
2 0.555571494518645 0.29791242811414925 0.12624334100669127 0.143040296766493
0 0.6140334129333496 0.4716255470558449 0.12342891693115235 0.213336181640625
0 0.10493649449884952 0.47711839993460503 0.041085182730457165 0.1182639014039836
2 0.9416425945630962 0.37087090362217223 0.05426097593096869 0.09242910043507171
2 0.03058689380168413 0.35313644863787835 0.06117378760336826 0.11385446275028459
2 0.7655230807957212 0.3282038182685247 0.07705180652510128 0.08731620727068412
0 0.3730283911671924 0.4514546091833158 0.045741324921135626 0.12898703119523305
0 0.14905362776025238 0.4837013669821242 0.048895899053627775 0.13179109709078163
2 0.11750788643533124 0.34069400630914826 0.08044164037854888 0.08692604276200487
