1 0.7510962639697338 0.4588994964481942 0.1617048570410309 0.5598034783492699
1 0.08816668991034715 0.48879425613968464 0.1304617166519165 0.470080057779948
1 0.203938627243042 0.1139653099907769 0.03474559783935547 0.09051776462131077
2 0.11047300497690837 0.3316031420672381 0.06470748583475748 0.09009792186595776
2 0.2928047100702922 0.2923707679465965 0.1031424363454183 0.11203891612865306
0 0.10576710123118288 0.4886838832516052 0.04075489257287032 0.11083671533277291
2 0.5744957585941478 0.2927186965942381 0.11351318760499851 0.11868688795301643
0 0.8515098325085565 0.49718176321053514 0.07118535207273073 0.12151431736509886
0 0.6134088393892277 0.47324867039058843 0.06029254179271577 0.16860169291370913
1 0.4920775262088553 0.46244852376020373 0.11747617871979424 0.5621116194717791
0 0.2054114818572998 0.32271898057725695 0.09721488952636718 0.11477118598090277
1 0.930508647782319 0.49775364565255986 0.12951898203788653 0.43096379501711757
0 0.15141955835962143 0.48790746582544686 0.044164037854889565 0.11777076761303913
0 0.3848580441640378 0.4556607080266386 0.053627760252365916 0.13739922888187878
