1 0.9294157663981121 0.5002553445321543 0.13206024169921876 0.4492338675039786
1 0.7400050163269043 0.4822987874348958 0.10917110443115234 0.5256290011935764
1 0.4877431710561117 0.4914320345278139 0.1333100954691569 0.5587642810962818
1 0.0880538324515025 0.4778372870551215 0.11946258147557577 0.45189378526475693
1 0.907951545715332 0.769812379059968 0.18378524780273436 0.45882494891131365
2 0.11955754300647978 0.3338157653808592 0.07603733657411715 0.09963350649233213
2 0.28450206687397767 0.3027680149784794 0.11464225907431054 0.12038503576208043
1 0.20732634862263996 0.10932100437305593 0.03208770751953125 0.09262242493806064
0 0.8345512708028159 0.4986322897451895 0.09206612904866535 0.1416844403302228
0 0.14707419127695945 0.4950380285427746 0.0824972152709961 0.1202008847837095
0 0.39559569358825714 0.47012075109311285 0.0689136026785575 0.18487802552959567
0 0.3194006309148265 0.4710830704521557 0.045741324921135626 0.14020329477742727
0 0.6230283911671924 0.46547493866105855 0.07886435331230274 0.1289870311952331
