1 0.7881578127543131 0.48479751304343893 0.18535162607828778 0.5309848078974971
1 0.4979418595631922 0.8407761870735315 0.24122234980265309 0.3133441825659011
1 0.9373271942138672 0.5095277150472005 0.12473831176757813 0.4402212354871962
1 0.49026876443568085 0.45736413708996687 0.17564975726491666 0.5404044080775035
1 0.06862596273422242 0.5143647794370299 0.11524794101715088 0.4656250282570168
2 0.2946968078613281 0.29329910278320315 0.10182113647460937 0.1189085218641493
2 0.11608031193415323 0.3326702824345341 0.07643741766611735 0.10781470404730903
0 0.3492696762084961 0.4683981153700087 0.11542078653971354 0.1322084214952257
0 0.1271958589553833 0.5029496793393736 0.07468581199645996 0.08650696365921587
0 0.6173295338948567 0.46791076660156244 0.10953178405761718 0.13474776656539353
1 0.3227559884389241 0.08583233444779008 0.030040454864501954 0.1250457622386791
