1 0.37424038251241043 0.6414958671287253 0.13397099177042643 0.6795333579734519
1 0.8266681753373177 0.5196879069010417 0.12363177880127857 0.4105150010850693
1 0.9259263356526692 0.5191452591507523 0.1026947021484375 0.3374753598813658
1 0.058807122707366946 0.5365920879222729 0.11761424541473389 0.5143646522804542
1 0.09885740280151367 0.873269964147497 0.19758844375610352 0.24952353018301504
1 0.6771794216865997 0.5180794710644441 0.11928844451904297 0.47921532524956595
2 0.49429310162862145 0.32879705075864435 0.1253387133280436 0.1339805037887008
2 0.06704198519388835 0.3471876780192057 0.07294371922810873 0.10104734632703993
1 0.11946127922376995 0.5061253273232205 0.07952729286831642 0.22061806594201586
2 0.2382934014002482 0.3278957790798611 0.0932524840037028 0.12977210150824653
2 0.8150134279148815 0.3804963535398423 0.0403083001025462 0.08526565011576341
1 0.5764984227129336 0.48930949877322116 0.07413249211356465 0.13179109709078163
1 0.6514195583596215 0.5173501577287066 0.04731861198738166 0.10375043813529622
