2 0.7220781541898548 0.35987548373516837 0.08977974712159194 0.10075741016999866
2 0.07433734138806662 0.35268139309353297 0.09305057128270468 0.11103250009042245
2 0.2451607545216878 0.33135929814091436 0.10393902460734049 0.12709520128038193
0 0.3539757308398386 0.5126463813304843 0.05436229605529351 0.13569058893941188
2 0.48895899053627756 0.3210655450403084 0.11987381703470028 0.12618296529968454
2 0.39511041009463727 0.17245005257623552 0.07728706624605679 0.08131791097090783
0 0.2981072555205047 0.5061338941465126 0.04731861198738176 0.1373992288818787
0 0.11514195583596215 0.5019277953031896 0.05362776025236594 0.11216263582194187
0 0.7823343848580442 0.499123729407641 0.056782334384857906 0.1121626358219418
0 0.8895899053627759 0.5061338941465124 0.05047318611987379 0.08131791097090783
