1 0.19691480398178102 0.5060090665464049 0.13512566089630126 0.5995832937735098
1 0.9398778915405274 0.4566425606056496 0.05276412963867187 0.19149065370912904
1 0.7086785316467286 0.88365478515625 0.19983043670654296 0.22175767686631948
1 0.8470627517980981 0.5070073172873127 0.09114996592203778 0.39026963975694445
1 0.039317965507507324 0.5642012702094185 0.07863593101501465 0.4855833265516493
1 0.6875057220458984 0.5101902431911892 0.10404243469238281 0.47181311713324653
2 0.07305386662483215 0.3462377618860315 0.08662189245223999 0.1095120182743779
2 0.48759582837422694 0.31334698994954424 0.1262717882792155 0.12942445543077258
2 0.2517537593841553 0.3254426744249132 0.1090977668762207 0.15085991753472222
1 0.1735127051671346 0.25901513982702185 0.05660096804300943 0.1398979045726635
0 0.10219107270240783 0.5137544843885634 0.08672922849655151 0.13139131334092882
0 0.781554297919529 0.4858302938588549 0.06681198216387187 0.09180603223449238
2 0.3984225273132324 0.16434045720983434 0.07930240631103516 0.07272433528193721
0 0.9683165848067132 0.5305317530747342 0.04117418523842588 0.06784172659792713
0 0.303627760252366 0.4907115317209954 0.052050473186119856 0.10655450403084472
0 0.35410094637223977 0.5117420259376095 0.0457413249211357 0.10375043813529622
0 0.5796529968454258 0.47809323519102703 0.06466876971608826 0.12618296529968454
0 0.636435331230284 0.48790746582544686 0.0457413249211357 0.1121626358219418
0 0.8982649842271293 0.5201542236242551 0.029968454258675198 0.07010164738871368
