1 0.9088526407877603 0.7887264392994069 0.17947463989257811 0.4223323680736401
1 0.04772264659404755 0.5596119633427372 0.0948977530002594 0.5202954327618634
2 0.07241916457811991 0.34734304922598375 0.08187577327092489 0.10803205702039931
1 0.6814935315169245 0.41728982271358694 0.11186548868815104 0.2820892051414207
0 0.3703500639878362 0.5223925257915788 0.0652654578633112 0.19653395108912577
1 0.45530238151550295 0.14477491731996892 0.04994916915893555 0.10142315052173757
1 0.8316179275512695 0.4975749969482422 0.11510047912597657 0.40289620293511286
0 0.640610337884143 0.467697791014755 0.06063616819812918 0.1226112274801027
1 0.0823583722114563 0.8949877986201532 0.1636800527572632 0.20813547770182292
0 0.7760953134041355 0.5038187950233223 0.060338832602515866 0.1213049601472304
0 0.29937863189464603 0.48965982917815054 0.05789542363645161 0.1587964164554719
0 0.1241870641708374 0.4897555881076389 0.07188754081726074 0.14668070475260417
0 0.5767892214778094 0.4595921280311916 0.05959562728833716 0.10845439450486531
0 0.8926099798280731 0.5169818470363569 0.04448769085038795 0.09315406860822245
2 0.4937953662170345 0.32088298091182 0.11399363849692018 0.12286286530671289
2 0.26104100946372244 0.32667367683140525 0.0930599369085173 0.10935856992639315
