1 0.08377618392308551 0.48501928823965573 0.1208481232325236 0.4637831511320891
1 0.7531877199808757 0.5077455732557509 0.17716121673583984 0.5816107008192274
2 0.2916446606318156 0.29191017150878906 0.10066784222920737 0.11365551418728298
2 0.11073379516601563 0.3341637364140263 0.0615748405456543 0.09041360925745082
1 0.09928440252939859 0.89691566184715 0.19856880505879718 0.20235963044343172
1 0.49819467862447103 0.48391459429705586 0.12793060938517253 0.5770124364782263
0 0.14582300359142317 0.4922089738619636 0.04486430360691784 0.10763086291559526
2 0.5850098354207229 0.2956048470956308 0.0931421791341403 0.11497271502459488
1 0.9417535781860351 0.5152693430582683 0.114910888671875 0.4340270148383247
0 0.8501199722290039 0.5027375962999132 0.07871818542480469 0.1278347439236111
0 0.6197701403019181 0.47459077880766665 0.08934984538081321 0.20028457837707042
0 0.10759142114537007 0.4881678284293985 0.04205884241531303 0.11089736300242342
0 0.38722397476340686 0.4458464773922188 0.06466876971608833 0.16824395373291273
