1 0.18201472759246826 0.5089312941939742 0.163511323928833 0.5569549843117043
1 0.35365519523620603 0.47485709013762295 0.13022642135620116 0.48769856205692996
1 0.8917337417602539 0.34157464769151474 0.08195610046386718 0.3216287400987413
1 0.9357879638671875 0.5419845157199435 0.12834243774414061 0.351456790500217
1 0.34615388931912205 0.9061906602647557 0.26559284086859186 0.18036838107638878
1 0.8027942657470705 0.3737049879851165 0.09748738606770833 0.37779709144874857
1 0.6423924446105957 0.3390933707908348 0.1103281021118164 0.41193946555808736
1 0.05028502345085144 0.6696534333405672 0.10006319284439087 0.36856802481192136
2 0.21406057896298186 0.28055185388635684 0.0968799864832159 0.12348299379701964
2 0.04078350861867269 0.3706195987291824 0.08156701723734539 0.15137809176689587
2 0.44473259952918215 0.23150941305230713 0.12745400056728692 0.13031601984376368
0 0.7433366917912017 0.31735492589972625 0.07193476359049479 0.11890012953016493
0 0.5481072555205047 0.3771468629512793 0.06151419558359621 0.12057483350858743
0 0.6246056782334385 0.3757448300035051 0.050473186119873864 0.11216263582194182
0 0.2697160883280757 0.4640729057132843 0.050473186119873815 0.12618296529968448
