2 0.1149052619934082 0.33747695640281394 0.08703269958496093 0.10744134408456307
2 0.0317365110108529 0.351677162918285 0.0627201915163347 0.11028347120118984
0 0.6084258397420247 0.45347798665364586 0.11211967468261719 0.1792266845703125
2 0.5502771335445368 0.298165554470486 0.1307891761466908 0.1347166273328992
0 0.8366184234619141 0.4935975110089338 0.07860158284505209 0.09395483511465567
0 0.10797049540450519 0.4747117273522557 0.03111428231721667 0.09453711515832924
0 0.30584855666295957 0.44486041893008044 0.05461646881263984 0.14924509980185802
2 0.7513601440485845 0.31990542288681156 0.07644937557376935 0.10681089576625809
2 0.942396705458969 0.3773014976482746 0.047767384847005205 0.09345720079210071
0 0.04439313411712646 0.49202448527018233 0.07461462020874024 0.12802581787109374
0 0.14668769716088328 0.4822993340343498 0.04100946372239747 0.10094637223974764
0 0.37460567823343843 0.4514546091833158 0.055205047318611956 0.14020329477742735
