1 0.9036139130216292 0.8066304524739581 0.1441229582584994 0.3867390950520829
1 0.20070937077204384 0.5461863623725043 0.13905258973439535 0.6062468634711371
1 0.044100507100423174 0.5324851989746093 0.08820101420084635 0.48022613525390623
1 0.8596004486083985 0.5155487908257379 0.15217666625976561 0.35711279975043403
1 0.08844350973765054 0.9142292729130497 0.17688701947530108 0.1710662841796875
2 0.4934215863545736 0.31836831834581164 0.12130908966064453 0.13570955064561632
2 0.07381089329719544 0.3527009610776548 0.0824081301689148 0.10848577993887443
1 0.692112903113621 0.5211150981761788 0.13198772334149964 0.4963786089861833
0 0.3102977247268242 0.504126591085761 0.056391222018172774 0.1687806812370614
0 0.11720468997955322 0.5209589640299479 0.06701757113138834 0.10247949670862269
0 0.583005100795774 0.4884930084403228 0.06944606131183596 0.12713068104024286
