1 0.08122506141662597 0.4887372617368345 0.12074871063232422 0.4609502721715856
1 0.7468413988749186 0.4662307809900355 0.14962940216064452 0.5409681390832972
1 0.4908795197804769 0.46173229923954723 0.12617336908976237 0.5376079700611256
2 0.5745194276173909 0.29442417709915725 0.11299931208292642 0.12107805322717738
2 0.29261335531870525 0.29642778325963903 0.10361402829488119 0.11920164602774161
0 0.8460933685302734 0.5007574293348525 0.08103179931640625 0.11386023627387151
0 0.10252607652190855 0.4858553230685876 0.040984918817987506 0.11979969879054175
0 0.6085435807140841 0.48428052966178825 0.07166325181064542 0.1928749932183157
2 0.11694845417445895 0.33358502767397735 0.07134596624584982 0.09094697863354498
1 0.9400331497192382 0.5181689227068865 0.11968498229980469 0.4196738914207176
0 0.2051253318786621 0.3266991933186849 0.09567070007324219 0.10584606594509548
0 0.14511041009463724 0.4865054328776726 0.03470031545741325 0.10375043813529616
0 0.3848580441640379 0.4416403785488959 0.06309148264984231 0.1373992288818787
