1 0.7442762692769369 0.4641085306803385 0.12424310048421222 0.6073457505967882
1 0.5946203231811523 0.5696389516194661 0.13864148457845052 0.5431605868869358
1 0.949734115600586 0.5144136216905382 0.09250564575195312 0.43564046223958336
1 0.09665707349777222 0.4988937236644604 0.11325571537017823 0.4344255518030237
1 0.5231904983520508 0.9087346394856772 0.226519775390625 0.1791493733723958
0 0.129364013671875 0.4656043865062572 0.0871378262837728 0.11261220861364293
1 0.2740859905878703 0.11449708232173213 0.03286999066670736 0.11070892192699291
2 0.29082651138305665 0.29327099411575885 0.0987081527709961 0.11714137042010271
0 0.3124258328687505 0.4378221497801449 0.0626010994053792 0.1411370866724037
2 0.12002953346094002 0.3325883512143736 0.077983211367915 0.09739772655345774
0 0.8414146423339843 0.48652370594165945 0.07520751953125 0.09509924429434317
1 0.907352066040039 0.7985772592050057 0.18470993041992187 0.40284548158998845
2 0.5557287580207321 0.2912287664296456 0.12307149764741848 0.11510333125732514
2 0.3172886848449707 0.1614648183186849 0.07260595957438151 0.09889424641927085
0 0.38801261829653 0.45425867507886436 0.0694006309148265 0.17385208552400988
