2 0.11670151154200235 0.3331062882034867 0.08305688699086505 0.0992399427625868
2 0.028916518886884054 0.3396129043013961 0.056748626629511516 0.12163919519495081
0 0.14894358698125898 0.5011152928197812 0.05643918130676072 0.09820551354690954
2 0.9441558982295567 0.3843590357660453 0.06366955730065148 0.10284514054473216
2 0.7532355179169953 0.3240769077536797 0.07482228003340421 0.11052796909471788
2 0.28318411218380435 0.30322880950510567 0.09716272825447683 0.11298519633253358
0 0.6238296167331537 0.4853084613681048 0.06725366604441038 0.14755638453263742
2 0.5601874959707012 0.3038063897026906 0.1276997828959915 0.1235798023365161
0 0.8509463722397476 0.4822993340343498 0.06466876971608826 0.11777076761303895
0 0.02681388012618297 0.4766912022432527 0.04416403785488959 0.08412197686645634
0 0.10725552050473187 0.4794952681388013 0.037854889589905356 0.07851384507535926
