1 0.928281021118164 0.5352907110143591 0.11054649353027343 0.3347220809371383
1 0.09552712440490722 0.8843602215802229 0.19105424880981445 0.229707110369647
1 0.20872352917989093 0.513773685031467 0.20057980219523108 0.6238961113823784
1 0.6789300918579102 0.5226526189733434 0.12237548828125 0.47337253711841726
1 0.8204483032226563 0.5031744921648944 0.10468368530273438 0.3900754857946325
1 0.05875543355941772 0.5337279001871745 0.11751086711883545 0.5235079447428386
2 0.49329404830932616 0.32843233744303385 0.12625255584716796 0.1340282016330295
2 0.0683397683466772 0.3470739576551648 0.07473701893593859 0.10004170735677086
0 0.7754061052099762 0.48674048468225095 0.071652796090464 0.13436340455042867
0 0.5789789369304347 0.4912461504227008 0.0692881368562877 0.1363568857404475
0 0.35725552050473186 0.5173501577287066 0.05205047318611989 0.1990886785839468
0 0.8958990536277602 0.5103399929898352 0.050473186119873927 0.08973010865755342
