1 0.7500503540039063 0.4820900387234158 0.14060707092285157 0.5842889573838975
2 0.12125107530038315 0.33014135007505063 0.07692422701357288 0.09622828165690102
1 0.4962702751159668 0.43406561392324944 0.10396862030029297 0.46253803394458914
2 0.024904330571492505 0.34634221492909517 0.04469796816507974 0.09470813696400308
0 0.1114746952658572 0.47980879373480206 0.04141171813387217 0.0995708434823272
2 0.289753665232132 0.2917907926771375 0.10270340104208389 0.11340056525336367
1 0.09132844046087296 0.49334555731879365 0.10062988131580292 0.40379146999782994
1 0.08938465118408204 0.8829296535915799 0.17876930236816407 0.23394266764322913
2 0.5719416558178441 0.29068174715395306 0.1189630628760304 0.11255881698043257
0 0.3272870662460567 0.4416403785488959 0.04574132492113567 0.13179109709078168
0 0.39432176656151424 0.447248510339993 0.06309148264984224 0.14861549246407285
0 0.6332807570977919 0.4921135646687697 0.06151419558359614 0.16543988783736424
0 0.8596214511041009 0.5089379600420609 0.056782334384858045 0.12618296529968454
0 0.1451104100946372 0.4794952681388013 0.04416403785488958 0.10655450403084472
0 0.022870662460567834 0.4865054328776723 0.0299684542586751 0.09253417455310198
