1 0.10776749849319459 0.8615285520200376 0.21272447109222412 0.2701517175745081
1 0.4791142463684082 0.46453611585828997 0.13896007537841798 0.5376710679796007
1 0.7610123952229817 0.4857050012659143 0.1158423105875651 0.5209990324797453
1 0.06376187801361084 0.4840291765001085 0.10836167335510254 0.44274046156141494
2 0.11757070620854697 0.33403708846480756 0.07820958296457926 0.0998350637930411
2 0.29386371771494546 0.2915896733601888 0.10422590573628744 0.12975637647840713
1 0.9307518334293468 0.48233860085843117 0.10831953463870281 0.44248820974637704
2 0.5706998825073242 0.2883316887749566 0.11442947387695312 0.11605936686197917
0 0.6070538254064968 0.46479503846862147 0.0805644068432156 0.14816466129916722
0 0.8667192429022083 0.503329828250964 0.058359621451104 0.1373992288818787
0 0.3864353312302839 0.4556607080266386 0.0788643533123028 0.15422362425517
0 0.14589905362776023 0.48790746582544664 0.05205047318611994 0.10655450403084414
0 0.11119873817034698 0.4780932351910268 0.04258675078864358 0.10935856992639308
