2 0.07834657349797075 0.3435382948647122 0.10360369520608557 0.13175156917899622
2 0.4005068302154541 0.17246398219355832 0.07185125350952148 0.07877402128996673
2 0.7138611219909536 0.3465775772043025 0.09084554064536993 0.1085684105870543
0 0.5790373477273936 0.46756868657699213 0.06968173980712891 0.12212086430302373
2 0.8306888057857157 0.39722647588377535 0.050069999694824216 0.08087370130750868
2 0.48998778661092124 0.3183495556866681 0.1183865229288737 0.11777651751482927
0 0.7776025236593059 0.4851033999298984 0.04731861198738173 0.10094637223974764
0 0.8911671924290221 0.5103399929898353 0.04731861198738159 0.08412197686645641
2 0.250788643533123 0.3308797756747283 0.11671924290220823 0.11777076761303888
0 0.3556782334384858 0.5145460918331581 0.04889589905362783 0.1093585699263933
0 0.3036277602523658 0.5131440588853838 0.048895899053627796 0.11777076761303888
0 0.11435331230283911 0.508937960042061 0.052050473186119856 0.1093585699263933
