1 0.04301098585128784 0.7106647350169993 0.08602197170257568 0.37993361861617475
2 0.2852470795313517 0.30814285278320314 0.10595186551411945 0.11945942066333912
0 0.8339052200317383 0.5117681715223524 0.08539873758951823 0.11541324191623265
0 0.6137319564819336 0.44356257120768233 0.08644701639811198 0.14313880072699653
2 0.9378362144205472 0.36657788606151853 0.052507781982421876 0.09208662245008681
0 0.0393164982398351 0.46136329085738575 0.07619868318239847 0.1423556575068721
2 0.11660284543513753 0.3393960831752794 0.08070575734668978 0.10483234546802658
2 0.7532692039802618 0.32189475767160347 0.07753445197104476 0.1098760089412976
0 0.3193440359097551 0.45591183121007434 0.0591993869416471 0.143650395976897
2 0.5526795027258522 0.2960447170116281 0.133407965819542 0.13509946752477572
0 0.14195583596214512 0.49631966351209256 0.0883280757097792 0.14020329477742727
0 0.385646687697161 0.4724851033999299 0.055205047318611956 0.14861549246407293
2 0.028391167192429016 0.34630213810024507 0.05678233438485803 0.09814230634419899
