1 0.17739253044128417 0.47999472441496677 0.18117914199829102 0.5866104408546731
1 0.681061840057373 0.4126833668461552 0.13349666595458984 0.47240763063783997
1 0.8911140441894532 0.3408506464075159 0.07774772644042968 0.31370038632993347
1 0.9245278040568032 0.4375555956805194 0.10170555114746094 0.3342072946053964
1 0.7933322906494142 0.3564107541684751 0.06267903645833334 0.3793791029188368
2 0.44163101920006 0.2218274005203969 0.12640365807792042 0.13929325294962608
2 0.6585173501577287 0.2089029092183666 0.07097791798107246 0.10375043813529611
2 0.20899053627760253 0.27479845776375744 0.12460567823343846 0.09533824044865057
0 0.5496845425867508 0.35611636873466523 0.07097791798107252 0.14020329477742727
0 0.3351735015772871 0.45005257623554157 0.0646687697160883 0.17665615141955832
0 0.26735015772870663 0.4290220820189275 0.048895899053627796 0.1233788994041361
0 0.8525236593059938 0.3182614791447599 0.042586750788643574 0.08131791097090783
