2 0.7009428466532135 0.5646664135087552 0.09252787328292951 0.1601815208651666
0 0.550040340423584 0.551643286810981 0.06399726867675781 0.07148369683159722
2 0.6012995719909668 0.4219095442030165 0.05491161346435547 0.1088912116156684
0 0.5772454738616944 0.6360207875569661 0.08467330932617187 0.1049544440375434
2 0.3183019152199055 0.4411677360868939 0.04172189062702174 0.07383130083909745
2 0.5725552050473186 0.3743427970557308 0.028391167192429095 0.06449351559761653
0 0.5362776025236593 0.45706274097441296 0.05678233438485819 0.05608131791097087
0 0.3761829652996846 0.41780581843673326 0.026813880126182923 0.04486505432877678
0 0.5165615141955836 0.40098142306344203 0.045741324921135626 0.04486505432877671
0 0.6561514195583596 0.7725201542236242 0.10094637223974764 0.09253417455310199
