1 0.7509806632995606 0.47501271565755204 0.1338399887084961 0.5587700737847222
1 0.0669162392616272 0.4855143935592086 0.11634328365325927 0.46516686898690685
1 0.499330997467041 0.4879022245053891 0.11526241302490234 0.5518950003164785
1 0.9402777671813964 0.5530185840747974 0.11944446563720704 0.39530244050202545
2 0.285885755221049 0.3044626306604456 0.10826910336812338 0.12579277886284723
2 0.11846857865651447 0.33274352462203416 0.07506038347880045 0.09287160237630208
0 0.8435216903686523 0.5086442594174986 0.07684059143066406 0.0997136151349103
0 0.6150624275207519 0.4470750738073278 0.12794310251871746 0.18693392718279803
2 0.941533915201823 0.3717820061577691 0.053539276123046875 0.09323306613498264
0 0.3191664695739746 0.46872675860369645 0.06320908864339193 0.10693644770869502
0 0.39037854889589907 0.4879074658254469 0.05205047318611989 0.11777076761303888
0 0.1443217665615142 0.48089730108657547 0.061514195583596235 0.16543988783736416
