1 0.07351408004760743 0.4757869720458984 0.1013514518737793 0.4660126580132378
1 0.4775613149007162 0.47206587614836515 0.13889083862304688 0.4667095608181423
2 0.12071190985971442 0.3384465999895201 0.08150413209331515 0.10025003822987175
2 0.2895378510157267 0.2974942101372613 0.10737347602844238 0.12255291408962674
0 0.8533513355957093 0.49473323276046016 0.06841075247394605 0.13104363606485575
1 0.08314069402957439 0.8975573256606602 0.16628138805914877 0.19949730071861133
0 0.6233939159806469 0.439940314923008 0.07332074178380774 0.14750708022787828
0 0.32753750302688805 0.44625836495052823 0.05649596614416459 0.10550394522863853
2 0.5769694339339035 0.2917704970748336 0.10283984917320745 0.10904074774848088
2 0.758238207078005 0.3274953791131094 0.08260258274499531 0.1079921964424097
0 0.3785488958990537 0.47248510339993005 0.053627760252365916 0.14300736067297584
0 0.14826498422712933 0.5075359270942867 0.053627760252365944 0.08973010865755349
0 0.11750788643533125 0.48229933403434955 0.03943217665615136 0.08973010865755328
1 0.04416403785488959 0.6954083420960393 0.08832807570977919 0.26358219418156326
