1 0.3199941158294678 0.7920970775462963 0.21621809005737305 0.4021823459201389
1 0.18458056449890137 0.49510240908022285 0.12134723663330078 0.615381368001302
1 0.6972788492838542 0.49654490152994796 0.10461692810058594 0.3895514594184028
1 0.03984194993972778 0.5682163521095558 0.07968389987945557 0.4711316991735387
2 0.06879707674185434 0.34648084287290226 0.08076226512591043 0.10508897569444445
2 0.4889723618825277 0.3204567520706742 0.12427453994750977 0.13168442337601274
0 0.589197792941714 0.476191213005878 0.053520419344415995 0.1200242865404552
0 0.8866832415262859 0.5037032233344184 0.07042217254638672 0.10353274875217014
1 0.5694658915201822 0.10187654142026549 0.033487701416015626 0.08377246150264034
0 0.12121686935424805 0.8929056520815248 0.20895814895629883 0.21208185266565394
0 0.11058707091835894 0.5123747718990203 0.05944617188189935 0.14727897042355742
2 0.8284526466947248 0.3982412277419568 0.048754310607910155 0.08280215793185765
0 0.3053564071655274 0.5036228663955614 0.05276355743408205 0.11492427046408378
0 0.9708921637068785 0.5325235573846273 0.045597376056274064 0.0855371676005004
0 0.36198738170347045 0.5187521906764809 0.04889589905362774 0.10655450403084499
0 0.6372239747634069 0.5005257623554153 0.04416403785488953 0.12057483350858746
0 0.7807570977917981 0.47809323519102703 0.04731861198738173 0.09253417455310206
2 0.2555205047318612 0.32246757798808273 0.1072555205047319 0.10094637223974764
