1 0.48784607251485185 0.4520491957817696 0.12353741327921546 0.5689691675727451
1 0.7555153210957845 0.48615952244511357 0.120310910542806 0.5276534892894603
1 0.06148568193117778 0.47840142426667387 0.11146616538365682 0.43263173986364295
1 0.10926122665405273 0.8850319473831741 0.21852245330810546 0.22548483389395255
2 0.12014308003346377 0.332876827098705 0.08060353541850547 0.1034497578938802
1 0.9055414199829102 0.7825687832302518 0.1888591766357422 0.43486243353949655
2 0.29395655790964764 0.2937829335530599 0.10514667828877768 0.1300371805826823
0 0.6113488822078607 0.455695747707976 0.08268048299474566 0.16654092294198494
1 0.9416314320609396 0.49149030049641895 0.1022016134171832 0.433670467800564
2 0.5677918275197347 0.2892399187441225 0.1148875872294108 0.11486806516294128
0 0.8637071814070741 0.5070319291489304 0.06742511472491454 0.14249889036388785
0 0.3848580441640378 0.46547493866105855 0.07570977917981075 0.16263582194181567
0 0.14905362776025238 0.4808973010865754 0.05205047318611995 0.09253417455310191
0 0.10410094637223974 0.4766912022432528 0.03470031545741325 0.09533824044865052
