2 0.29405152797698975 0.28986350165473085 0.10249886512756348 0.1292329576280382
2 0.9427766589336212 0.37160115425296175 0.05484491582924558 0.08608107586332618
0 0.3235307385116721 0.4396554790237877 0.048062123259535273 0.12889729350620727
0 0.8589441401725311 0.4875973827719953 0.06934814453125 0.09257586443865741
0 0.5982630218241117 0.4925795353995202 0.09150552057693438 0.17194451716392078
0 0.15079759949765367 0.4907929341694725 0.05247508599555075 0.12703567872134808
2 0.5566749956329539 0.29724506802029077 0.12795284313358346 0.1427516513400607
2 0.7652994390541822 0.32619493272569433 0.07500497956381254 0.09579701103302275
2 0.02632889151573181 0.35158324065031826 0.05265778303146362 0.11668463812934028
0 0.3753943217665615 0.44865054328776727 0.053627760252365916 0.1514195583596215
2 0.11435331230283911 0.34069400630914826 0.07728706624605677 0.08692604276200487
0 0.11119873817034699 0.4766912022432528 0.0394321766561514 0.09533824044865057
