2 0.07774744037574022 0.33334517092860216 0.10302124030958591 0.1539871822855911
2 0.7133245345796569 0.35163839429125987 0.09353945317955199 0.10209142295176919
2 0.40111139615376784 0.17308586261890554 0.06976881027221679 0.0774242118552879
0 0.576575146262954 0.4696036388612487 0.06249024183592253 0.11001805500360781
2 0.8283196193562697 0.3912936285843232 0.05060234069824219 0.0822872585720486
2 0.49054608345031736 0.316843103479456 0.11863584518432617 0.12305145263671875
2 0.2539432176656151 0.3378899404135997 0.11671924290220823 0.12057483350858746
0 0.3556782334384858 0.5187521906764807 0.05205047318611989 0.12337889940413596
0 0.29968454258675076 0.5187521906764808 0.04731861198738176 0.12337889940413603
0 0.11041009463722397 0.508937960042061 0.047318611987381715 0.10935856992639328
0 0.7791798107255521 0.49211356466876977 0.05047318611987379 0.07570977917981075
0 0.8911671924290221 0.5117420259376095 0.04416403785488953 0.0813179109709079
