1 0.7106439826114948 0.5522407728289458 0.15753560011068488 0.4505413086172831
1 0.2005046526590983 0.5036326514350044 0.13551743825276694 0.6186034308539496
1 0.8291921440108462 0.5394391236481837 0.08329394989334514 0.4046569541648577
2 0.39575792948404953 0.1713339628996672 0.0774981180826823 0.08184831407335069
1 0.042625133196512864 0.5502684699164496 0.08525026639302573 0.505657450358073
2 0.07183684508005778 0.3468257480197483 0.08660655021667481 0.11300218370225695
1 0.9415006637573242 0.5303468068440755 0.06399345397949219 0.3216438293457031
2 0.49441320101420083 0.3210985254358362 0.12559569676717122 0.1444059583875868
0 0.305197686577445 0.5242636278475369 0.07122930552806503 0.19270616369362256
2 0.2556220673110834 0.33264232211642797 0.10572808929547656 0.1574256896972656
1 0.5820809364318847 0.10959839291042751 0.04763317108154297 0.07728860643174913
2 0.6960115432739258 0.344052646778248 0.06933937072753907 0.10033413922345197
2 0.6823811531066895 0.28008516099717884 0.09190616607666016 0.13570522732204862
0 0.5741324921135647 0.4808973010865756 0.06309148264984231 0.13179109709078163
0 0.6474763406940063 0.5019277953031896 0.06466876971608833 0.14581142656852436
0 0.8895899053627762 0.5047318611987381 0.031545741324921155 0.07290571328426218
