1 0.6556560333845618 0.2752756189416956 0.10724509085766525 0.258307788990162
2 0.4421592405541838 0.22548481270119003 0.12772464531578612 0.12165249012134692
2 0.04311376129415133 0.3677953896364859 0.08622752258830266 0.14505079064166984
0 0.271434672723684 0.44724955197207367 0.05552091528313879 0.1415521097790489
2 0.2075122117996216 0.2982064988878038 0.11754717826843261 0.14145609537760417
0 0.5703765120039982 0.3603611053937449 0.061552911551843205 0.12559178670247384
0 0.3326008470527257 0.4802614492154983 0.057350706276958686 0.14369815648583967
0 0.09542586750788644 0.5285664213109008 0.07097791798107254 0.159831756046267
0 0.7405362776025237 0.3182614791447599 0.048895899053627685 0.09253417455310199
0 0.8533123028391167 0.32807570977917977 0.04731861198738173 0.07851384507535922
