0 0.12939010858535765 0.48086043463812933 0.08280951976776123 0.12071287367078992
2 0.2920960108439128 0.29486120718496817 0.09852231343587241 0.12118908917462384
0 0.8413948059082031 0.4793814765082465 0.08585103352864581 0.1280280219184028
2 0.11008909145991008 0.3413196846290871 0.08699599107106527 0.11142055370189526
0 0.03164875076772287 0.4811859035035105 0.05390516850474504 0.12086093134656631
2 0.5536490644942322 0.2937936429624205 0.1272547177335814 0.1297908924244068
0 0.3843490239072173 0.4619819927694693 0.06508343944288794 0.17067317479068125
2 0.03138855070220434 0.3490837850168439 0.06277710140440868 0.10244415123644585
2 0.9430145757055431 0.3864239737814533 0.046660232543945315 0.09362572564019098
2 0.754554114958465 0.32477850884474213 0.07478109774905445 0.09491962549187533
0 0.6160184860229492 0.510576813309281 0.1025170644124349 0.175029867666739
