1 0.08499614596366882 0.4819796103018302 0.12295833826065064 0.4600107546205874
1 0.7433049201965332 0.48352307920102716 0.15646228790283204 0.5762661969220196
1 0.495055103302002 0.47795376247829857 0.12576236724853515 0.5883209228515625
2 0.2923427104949951 0.29190575634991683 0.10147027969360352 0.11262934649432146
2 0.5770118395487467 0.29604432847764756 0.10863234202067057 0.12006157769097223
2 0.11212567885716757 0.33324686686197913 0.06042122046152751 0.09364725748697916
0 0.1032866967840025 0.49492547126250325 0.03951411743645407 0.1177519228570108
0 0.851114137691654 0.5007478830092614 0.0619179265356221 0.11533041961951614
0 0.6150951581046407 0.47557788264571754 0.06753019760083724 0.17129745777556626
1 0.948704719543457 0.5240536018654152 0.10191116333007813 0.4348656830964265
0 0.3824921135646688 0.4486505432877672 0.05835962145110415 0.15702769015071857
0 0.14589905362776026 0.4963196635120925 0.04258675078864352 0.10655450403084472
