1 0.7454626401265462 0.4810036482634368 0.12957541147867838 0.6343452877468533
2 0.12629129886627197 0.33109245300292967 0.06808552742004395 0.09696545071072048
1 0.4902332146962484 0.428073282595034 0.1140493075052897 0.45962231953938804
1 0.09118354320526123 0.8755949232313368 0.18236708641052246 0.2475392659505208
2 0.2883896117957482 0.2912959134137189 0.1071600108241932 0.11375324107982493
0 0.1524802821291734 0.4763747093930728 0.06565518371690333 0.12905195030963795
1 0.08343766530354817 0.48923902158383975 0.14859854380289714 0.42251083939163775
2 0.5851069450378419 0.29619021945529517 0.09334049224853516 0.115338134765625
2 0.024587001403172812 0.35866945054796007 0.04638543526331584 0.0782865736219618
0 0.8550680988343854 0.5043784331294863 0.0788547242101442 0.16080584440822998
0 0.6348580441640378 0.4822993340343498 0.0678233438485804 0.16263582194181567
0 0.4037854889589905 0.44444444444444436 0.056782334384858045 0.15422362425516994
0 0.3288643533123029 0.4416403785488959 0.04889589905362776 0.12057483350858753
