1 0.7178147655932311 0.8997420982078258 0.22715199347174156 0.1983899716977719
1 0.04935244719187418 0.5495840990984882 0.09870489438374835 0.5296876412850839
1 0.07831165790557862 0.9052723919903789 0.15662331581115724 0.18842733877676504
2 0.07299839158852896 0.35165956285264754 0.0801517903804779 0.1144863552517361
1 0.7023585001627605 0.41479579784252024 0.06371841430664063 0.28426971435546877
0 0.3654094937221234 0.5339395140442753 0.06220405259719055 0.17599171441157557
0 0.5827273730850618 0.4681244391650706 0.06818800524080891 0.11351360941005735
1 0.8431206385294595 0.49635398299605754 0.08863716125488282 0.38441515322084785
2 0.49075483308104145 0.32025543495460773 0.12345973996584543 0.12306272718641488
0 0.7761437149328639 0.5033996627492064 0.06331324231361384 0.11332328734880895
0 0.12896313667297363 0.5276038275824653 0.07694807052612304 0.1358615451388889
0 0.6468374406752402 0.47747705849354377 0.07487068176269532 0.0996492173936632
0 0.29737872515817804 0.5035819121729703 0.049207757574777265 0.11756340113320132
2 0.7310343742370605 0.33703545464409723 0.053050804138183597 0.07195977105034722
1 0.44616022109985354 0.14727774372807254 0.039091873168945315 0.11032989643238209
2 0.25236593059936907 0.3266736768314055 0.10725552050473183 0.10375043813529619
0 0.8903785488958991 0.5173501577287066 0.03627760252365931 0.10375043813529622
1 0.1971608832807571 0.4977216964598668 0.14826498422712933 0.5131440588853837
