2 0.7204849674373268 0.36277126736111115 0.09274741131675229 0.09590646249276627
2 0.07236480911572775 0.3529232025146484 0.08978395064671835 0.10760693020290799
2 0.24509997367858888 0.3316962348090277 0.10398664474487304 0.12616486725983797
2 0.40248165130615243 0.1649150848388672 0.07212053934733073 0.07116594667787905
0 0.29783924826813524 0.4927424989190669 0.05051118487690047 0.13663610705065757
0 0.3501577287066246 0.5089379600420609 0.04731861198738166 0.1373992288818787
0 0.11514195583596215 0.4949176305643183 0.059936908517350174 0.11496670171749045
0 0.7815457413249212 0.49912372940764116 0.058359621451104 0.11777076761303895
0 0.8880126182965299 0.5005257623554153 0.04731861198738173 0.08692604276200491
2 0.49053627760252366 0.3224675779880827 0.13249211356466872 0.13459516298633015
