2 0.11685489018758138 0.33268693994592735 0.08118629455566406 0.1003503022370515
0 0.6109610239664713 0.4527862548828125 0.11646575927734375 0.2015475802951389
0 0.042696336905161544 0.47562470612702545 0.07540837128957113 0.10963914659288194
2 0.9421513097143324 0.38283984468060966 0.04926490783691406 0.09295756022135417
2 0.028900973002115884 0.34161293594925496 0.05620802243550618 0.12338186193395544
0 0.8423728942871094 0.49073804219563805 0.06619834899902344 0.09601855807834202
0 0.3644865036010742 0.4906971401638455 0.09264621734619141 0.12732662624782987
1 0.972541618347168 0.586889323481807 0.054916763305664064 0.2762629473650897
2 0.7520777037467111 0.3322553422715926 0.09911811138678535 0.1169008890787759
0 0.13406940063091483 0.5257623554153521 0.04100946372239745 0.0869260427620047
0 0.10883280757097792 0.46968103750438134 0.028391167192429023 0.08131791097090776
2 0.277602523659306 0.30844724851034 0.10094637223974764 0.10655450403084477
