2 0.29423683484395347 0.2878382435551396 0.10234295527140298 0.12944244102195457
0 0.6078243051041564 0.47329967591038025 0.0665035949771214 0.1553166675266788
0 0.3767760276794435 0.466118417029654 0.061054164754103246 0.14672223249458324
0 0.10769798650350479 0.4681448483525599 0.04399151260544453 0.13879925246160169
0 0.8634392994059372 0.500586288751655 0.06889724731445312 0.09414749145507814
2 0.5468984444936117 0.29782191382514106 0.10853821436564128 0.14652027553982205
0 0.3253902050222884 0.4438002450316569 0.055230483848339104 0.16975349535910347
0 0.158951315894864 0.4887932590324611 0.061950663136382866 0.13330512890847457
2 0.02942308018260197 0.3499357011583115 0.05884616036520394 0.11540942721896676
2 0.11472173163316732 0.3326615444869273 0.06556275685628256 0.08753937615288629
2 0.9422663980477992 0.36934907197645855 0.05699577331542969 0.09509347986291958
2 0.7636342232159639 0.32651404376229964 0.07490656037435886 0.09490481489297199
