1 0.9268604278564453 0.5207197542543764 0.13165817260742188 0.4329986289695457
1 0.7354445775349935 0.4852961504900897 0.10595054626464843 0.5412128024631077
1 0.4917471090952555 0.49187268857602723 0.12763198216756186 0.5606133920175058
2 0.1179186781247457 0.33308208606861256 0.08230200608571371 0.10471595481589988
2 0.28162109057108564 0.30725237528483074 0.10341189702351888 0.12202919854058161
1 0.06318101882934571 0.5108263651529947 0.10644450187683105 0.44903999611183454
0 0.837470817565918 0.49238731949417686 0.07470893859863281 0.12437000981083622
0 0.3276132633257363 0.49514408292078416 0.06868069495312465 0.18497358362924607
0 0.14171412246836468 0.49615594627896487 0.07531112200579568 0.13800614681571483
0 0.6273663816642562 0.46102686281557426 0.07365824822747755 0.1721671492965133
