1 0.5474923133850098 0.5563709682888455 0.09389362335205079 0.46443091498480904
2 0.09803948402404786 0.3960580613878038 0.06207332611083984 0.08202412923177084
2 0.639393679300944 0.41708282188132956 0.07386029561360677 0.1314175358525029
1 0.3125446955362956 0.35479015774197054 0.06229724884033203 0.15233968098958334
0 0.6055022557576497 0.586083588776765 0.08655128479003907 0.1011959499782986
2 0.20050656000773112 0.5208440286141854 0.06847248077392579 0.11381957442672164
1 0.7802414258321128 0.29894079985441985 0.037386639912923174 0.10603572704173901
2 0.2628645340601603 0.389943355984158 0.04150980313618977 0.09544604266131365
0 0.33492050170898435 0.4530492853235316 0.07277450561523438 0.06641571610062211
1 0.19440240065256756 0.7058795505099826 0.25448196729024253 0.27520220721209493
0 0.2723001559575399 0.6334958959508825 0.0845307509104411 0.0889242101598669
2 0.7666385650634766 0.6066699557834202 0.07802352905273438 0.15189887152777778
0 0.3643533123028391 0.3308797756747283 0.031545741324921155 0.028040658955485433
2 0.5796529968454258 0.3336838415702769 0.039432176656151514 0.08973010865755345
1 0.40772870662460564 0.2565720294426919 0.03943217665615144 0.17665615141955832
