1 0.780065374645149 0.5887622814978484 0.12969556862623519 0.3969862515297644
1 0.19629418849945068 0.5199990307843244 0.14363312721252441 0.5185305842646846
1 0.9393951416015625 0.5236495689109519 0.08070831298828125 0.30647577356409145
1 0.048650512099266054 0.5494837866889105 0.09689639210700988 0.537390391031901
1 0.8984339396158855 0.8260257862232351 0.1996673583984375 0.3479484275535301
2 0.4011906623840332 0.16570755287452982 0.07081470489501954 0.07212770250108506
2 0.49311722119649254 0.3166628095838759 0.12616459528605142 0.13831219143337672
0 0.09922530651092529 0.47187193411367917 0.08988785743713379 0.12405104460539641
0 0.30499195395709344 0.48900521246402806 0.07011396365962928 0.15650790892328106
2 0.7099172592163085 0.35751710114655666 0.08764572143554687 0.11078253851996528
1 0.6060987472534181 0.15887560667815032 0.0459686279296875 0.14297368084942852
2 0.07180839578310648 0.3451958691632306 0.0795020858446757 0.09203742698386863
2 0.2539432176656151 0.3322818086225026 0.1167192429022082 0.10935856992639331
0 0.580441640378549 0.46407290571328424 0.06940063091482643 0.13739922888187878
1 0.8517350157728706 0.41920785138450756 0.06309148264984216 0.28881878724150023
