1 0.9378180185953775 0.5072611490885417 0.12436396280924479 0.47221657081886576
1 0.745759359995524 0.4723489831995081 0.11438604990641275 0.519206972475405
1 0.06554280519485474 0.4879588656955295 0.11857330799102783 0.4631145901150174
1 0.4859784126281738 0.4893525582772714 0.13288097381591796 0.5568867436161747
2 0.28595162232716875 0.30647625393337674 0.10726520220438639 0.12075946949146411
2 0.11902532180150349 0.33529278790509254 0.07393011252085367 0.093548583984375
0 0.6135541915893554 0.4515146326135706 0.12809715270996094 0.1958637378833912
1 0.2077916065851847 0.10902659451520001 0.026469437281290687 0.09591730612295646
0 0.8447740554809571 0.506261698404948 0.07174034118652343 0.08542808250144676
0 0.32413249211356465 0.4626708727655101 0.05835962145110411 0.1345951629863302
0 0.38722397476340686 0.4865054328776726 0.05520504731861202 0.11496670171749031
0 0.12223974763406939 0.4851033999298984 0.05835962145110409 0.14581142656852442
