1 0.2024734854698181 0.5094417995876737 0.1458379030227661 0.6204884847005209
1 0.03848452965418498 0.5581255453604238 0.07696905930836996 0.47724097922996234
1 0.6818534533182781 0.5008204566107856 0.11257610321044922 0.4825597974989149
0 0.29300559988533303 0.5213182133566431 0.055937097651725 0.14089218631694905
2 0.07234397927920024 0.3509307861328125 0.0859890898068746 0.10918443467881944
2 0.4901739273913654 0.31919464234339734 0.11902886459880055 0.1351113213433159
2 0.398661724726359 0.1615875244140625 0.07543948491414389 0.0766387939453125
2 0.25310728349394834 0.32956368376933176 0.10561582648540996 0.12892474212272104
0 0.5789460615404777 0.4485196527302132 0.05431397796053197 0.1361471862293793
1 0.836483383178711 0.5117593129475911 0.09861984252929687 0.3901915656195747
0 0.7682254339994313 0.4865797754843277 0.05235367663651262 0.12247790080223263
1 0.9204227447509765 0.519298920808015 0.10828742980957032 0.3117145679615162
0 0.8927347387801209 0.5160913159655335 0.048624379251280624 0.08509553476309746
0 0.3589767198331975 0.5299565379092285 0.0689349207592313 0.1271098273618576
0 0.6403785488958991 0.4752891692954785 0.05047318611987386 0.12618296529968454
0 0.10488958990536279 0.524360322467578 0.05520504731861199 0.1289870311952331
