2 0.07954539632822315 0.33841978653191196 0.10358377647450043 0.14538146236369298
0 0.578829383148129 0.4728058743802781 0.07036342620849627 0.11363421846931983
2 0.7150195552974347 0.349181668192082 0.08788322725506664 0.1041053661440476
2 0.4017623742421468 0.17225002006248194 0.0707823117574056 0.08096475954408999
2 0.8307912661074088 0.39700806166805647 0.06024186107262431 0.09847098162330475
2 0.4896757443745931 0.31564032943160447 0.11925779978434244 0.1241318596733941
2 0.2498700907052378 0.3381208995413955 0.12074720701584704 0.12446799507234708
0 0.35725552050473186 0.5215562565720293 0.05205047318611989 0.12898703119523305
0 0.30126182965299675 0.5131440588853838 0.050473186119873815 0.12337889940413603
0 0.11119873817034702 0.5061338941465126 0.05205047318611987 0.10375043813529622
0 0.7807570977917981 0.4949176305643182 0.050473186119873927 0.09814230634419907
0 0.8966876971608833 0.5131440588853838 0.03943217665615137 0.08973010865755349
