1 0.04969697594642639 0.5516752313684534 0.09932278394699097 0.5243440133553964
1 0.1760452469189962 0.5359641039813006 0.1692086140314738 0.5274313750090422
1 0.8380036056229746 0.4936642399540658 0.09702707525307463 0.4202376189055267
1 0.079368789990743 0.905145517985026 0.158737579981486 0.18970896402994794
2 0.07204748292764028 0.35213774221914784 0.07859506011009217 0.10528132120768229
0 0.36651004411193994 0.5228625010407848 0.06354281037387767 0.1622775123614915
0 0.7746107408300935 0.5270831355342159 0.07613137783688305 0.09898269088179959
2 0.49506251072407276 0.32041529902705435 0.11690978893596916 0.12791499385127314
2 0.2524144071133731 0.3255795231571903 0.11569908018743943 0.12514801025390623
0 0.6508913540564376 0.4694052676951752 0.06807809081614108 0.14564547970523642
0 0.5882131076134843 0.46191153621573294 0.06708590410234568 0.11973983224466968
1 0.4477746327718099 0.14396417405870224 0.045063018798828125 0.10854704115125868
0 0.11126390471192689 0.5160825761237258 0.04455718813634444 0.13517099107059738
0 0.30205047318611983 0.49211356466876977 0.0646687697160883 0.15422362425517
0 0.888801261829653 0.5159481247809324 0.04258675078864343 0.09533824044865057
1 0.7137223974763407 0.4682790045566071 0.14353312302839127 0.37013669821240797
