1 0.6801844596862793 0.5098322974310981 0.1263753890991211 0.4832572937011719
1 0.6945272314310321 0.8832712809244789 0.25758949364021344 0.22666286892361107
1 0.19923104842503864 0.5052666134304471 0.13855146567026774 0.6065525478786893
1 0.8359808921813965 0.5065788127757885 0.10894222259521484 0.3737223024721499
1 0.037556124726931255 0.551974402533637 0.07509728868802389 0.5075414021809895
2 0.07397011319796244 0.34545682271321615 0.0862107237180074 0.11304075453016493
2 0.2541173219680786 0.3274848796703197 0.11125941276550293 0.1539669743290654
2 0.48892693519592284 0.3130702831127026 0.12419195175170898 0.12947964138454862
1 0.9415899276733398 0.45792066786024305 0.052795791625976564 0.18613416883680556
0 0.9666661509203988 0.5333768108094707 0.03783364461423433 0.08838436796587491
0 0.10315894740237046 0.5298281851794233 0.06807130056224792 0.14383532513746494
0 0.897476340694006 0.531370487206449 0.03785488958990534 0.07570977917981132
0 0.7791798107255521 0.4935155976165441 0.05678233438485805 0.09533824044865065
0 0.5772870662460567 0.4710830704521557 0.056782334384858045 0.1065545040308448
0 0.6388012618296531 0.5019277953031899 0.04731861198738118 0.10094637223974803
0 0.35646687697160884 0.5103399929898353 0.0441640378548896 0.1065545040308448
0 0.30126182965299675 0.5005257623554153 0.0536277602523658 0.12057483350858736
