1 0.10672869682312011 0.8646355523003473 0.2108255386352539 0.26165364583333334
1 0.48957994778951014 0.4567089080810547 0.1248445192972819 0.5549127366807726
1 0.7593658447265625 0.4801334027890806 0.108868408203125 0.5393551155372902
2 0.11891253789265951 0.3325901879204644 0.07708269755045573 0.10132878621419271
1 0.0631536602973938 0.47869956405074504 0.10653235912322997 0.4404687104401765
2 0.2938035011291504 0.29345559014214406 0.10372047424316407 0.12862158881293403
1 0.9448176701863608 0.5492330339219835 0.11036465962727865 0.4106247795952691
2 0.569123363494873 0.2887870788574219 0.11612300872802735 0.11643863254123264
0 0.6200024080326627 0.4546086064091429 0.0761082108715226 0.16627491138599526
0 0.8667192429022083 0.5131440588853838 0.06151419558359621 0.12898703119523305
0 0.38958990536277605 0.46407290571328424 0.06624605678233436 0.1598317560462671
0 0.15141955835962143 0.4907115317209952 0.05678233438485805 0.10094637223974717
0 0.10410094637223974 0.485103399929898 0.037854889589905315 0.07851384507535837
