1 0.762726879119873 0.46912184821234815 0.13011493682861328 0.5651413811577691
1 0.499965763092041 0.8631286338523582 0.24302120208740235 0.26781508834273726
1 0.9368999481201172 0.517378404405382 0.12270965576171874 0.4298309326171875
1 0.07308095097541809 0.4881602817111545 0.11815503835678101 0.45936804877387155
2 0.12122726837793987 0.3345483002839265 0.0752098004023234 0.1075407240125868
1 0.5066341241200765 0.44818937513563367 0.1253553072611491 0.5051549275716146
2 0.2944658835728963 0.29333055284288195 0.10086976687113443 0.11830579969618055
0 0.3652527332305908 0.4756431579589844 0.10801782608032226 0.1553560045030382
0 0.8415250778198242 0.49769523055465137 0.0745758056640625 0.09402039139359086
0 0.13859512864853932 0.47677722346603013 0.08960765320670588 0.141477404377257
0 0.6142007827758789 0.46104613410101997 0.11008110046386718 0.12942716810438368
