2 0.11608848174413045 0.3367354075113933 0.08584919770558676 0.10905108981662327
0 0.6082452456156413 0.45436141402633096 0.11139443715413412 0.1807681613498264
2 0.551772201098854 0.29808685867874696 0.13051221378218134 0.13251710114655665
2 0.0267286479473114 0.352962154812283 0.05306175947189331 0.10964728461371528
0 0.14572459495656756 0.4950858251975233 0.04074530586459279 0.09793568042996217
0 0.8463532754675449 0.48505396561612046 0.06060041012448111 0.11263788220815303
2 0.9380748339631956 0.37948266586587165 0.04864501953125 0.09384799533420139
0 0.3022584159040803 0.45038952137184596 0.05563005032223481 0.14733186461739184
0 0.04434343675772348 0.49215482076009115 0.0746571918328603 0.129994625515408
0 0.10725552050473187 0.48370136698212407 0.031545741324921134 0.09253417455310206
0 0.3746056782334385 0.46407290571328424 0.05205047318611989 0.14861549246407293
2 0.7539432176656152 0.3182614791447599 0.07570977917981069 0.1093585699263933
