2 0.08022874172553655 0.3346729817854521 0.10740772835463762 0.14724243115927507
2 0.7138692148852425 0.35189859903030046 0.09100317789553074 0.10602929255354841
2 0.40034649399678157 0.179250316038242 0.07278761808553816 0.09246754424011247
2 0.829444674061676 0.3975521329658474 0.051680374145507815 0.08456353081597222
0 0.5775403549242472 0.46467306794706864 0.06745643615722656 0.11352728384512442
2 0.48630214885707646 0.3216073066612482 0.14003547905120714 0.13304350405377832
2 0.2524053835922109 0.3373776389834118 0.1305020768403005 0.12916758822871055
0 0.776813880126183 0.49631966351209256 0.045741324921135626 0.08973010865755349
0 0.8935331230283912 0.5145460918331581 0.04258675078864343 0.07570977917981075
0 0.35646687697160884 0.524360322467578 0.05047318611987386 0.12337889940413589
0 0.30283911671924296 0.5117420259376095 0.04731861198738176 0.13179109709078163
0 0.11277602523659304 0.5061338941465124 0.05520504731861196 0.1093585699263933
