1 0.18008935451507568 0.5413204475685403 0.16477408409118652 0.5377573931658709
1 0.3691274960835775 0.4684008563006366 0.15670032501220704 0.5106094925491899
1 0.8906461715698242 0.343284472712764 0.06775665283203125 0.3176009990550854
1 0.8056113878885904 0.3667106487132885 0.09668127695719403 0.38384554827654804
1 0.6459732055664062 0.33683555037887003 0.11096165974934896 0.40209624679000283
2 0.22347842451149738 0.27969424636275664 0.08322942264448589 0.11909604955602573
1 0.9209983825683594 0.5567066616482205 0.15654449462890624 0.3681574503580729
2 0.4572793960571289 0.23228080184371383 0.09834747314453125 0.12026443481445312
1 0.3805868625640869 0.9239394576461227 0.2774571418762207 0.1457847312644676
0 0.747349017049988 0.31492182413736974 0.06334063212076822 0.09871334499782985
2 0.04130701621373494 0.37913494816532844 0.08261403242746988 0.12482777348271122
0 0.550764099706736 0.36990522076445964 0.06380348205566407 0.12322595384385851
0 0.6182965299684543 0.37153873116018227 0.056782334384858045 0.10935856992639323
0 0.26813880126182965 0.4598668068699615 0.047318611987381694 0.11777076761303895
0 0.08438485804416404 0.5341745531019979 0.03943217665615143 0.12057483350858746
