1 0.398186993598938 0.3408195071750217 0.034607458114624026 0.1787726508246528
1 0.35897126197814944 0.5451151953803168 0.08916540145874023 0.3645645989312066
2 0.6092108726501464 0.42201686435275604 0.06480445861816406 0.11771842108832466
1 0.3629817008972168 0.3632485177781847 0.04390268325805664 0.09694148169623482
2 0.6925038984521329 0.5485797549146458 0.10666757998782318 0.1649214184664441
0 0.6549023080699452 0.784815219340306 0.14175796508789062 0.14767011006673178
1 0.542566967010498 0.3784852663675944 0.07253513336181641 0.1620932896931966
0 0.538301658630371 0.47443839179144964 0.08289203643798829 0.07152540418836806
0 0.5741324921135647 0.6112863652295829 0.07570977917981069 0.061689449702067946
0 0.55205047318612 0.5566070802663863 0.050473186119873864 0.04766912022432535
