2 0.700274315843071 0.5660936658440078 0.09562932775599796 0.16317657593714757
2 0.6015946388244628 0.4225022210015191 0.05515003204345703 0.10731582641601563
0 0.5497471809387207 0.5513672722710504 0.06473789215087891 0.07182735866970485
0 0.5773783683776855 0.6343009524875217 0.08535404205322265 0.10242368910047743
0 0.6577287066246058 0.7739221871713986 0.09779179810725552 0.14020329477742735
2 0.3138801261829653 0.43182614791447604 0.031545741324921155 0.061689449702068015
2 0.5725552050473186 0.3799509288468279 0.028391167192429095 0.07010164738871368
0 0.5378548895899053 0.45986680686996145 0.05993690851735025 0.05047318611987379
0 0.5205047318611987 0.39677532422011913 0.050473186119873927 0.05327725201542236
0 0.3738170347003154 0.42341395022783035 0.028391167192429023 0.03925692253767963
