1 0.7334004084269207 0.4882396415427878 0.12180519104003906 0.5148995010941116
1 0.4821673552195231 0.4930559511537905 0.1223713239034017 0.5628534387659143
2 0.2943707466125488 0.29701077496563943 0.10160865783691406 0.10954312924985532
1 0.07148271600405376 0.4897281222873264 0.1088073213895162 0.46310017903645834
2 0.11461846828460694 0.33024936252170134 0.0715909481048584 0.0895186812789352
0 0.8333076477050781 0.4907782660590277 0.07955423990885417 0.10952826605902778
0 0.6230033874511719 0.4564285137035229 0.08485997517903647 0.16145304927119505
1 0.9616298675537109 0.5195991939968533 0.07550837198893229 0.4316478305392796
2 0.5627230371962586 0.29649565554428414 0.12621996936737914 0.10856658800947196
0 0.14011921485265097 0.4707793483027705 0.08559246857961017 0.11280554312246817
0 0.387713987167952 0.46113851662898897 0.07517279154620092 0.18259968856239236
0 0.3177641841515383 0.46154148513182436 0.05502134377271981 0.1378241654770553
