2 0.7055566787719727 0.35374850520381224 0.08136558532714844 0.11691416987666377
0 0.769106101989746 0.46951343395091866 0.0817445119222005 0.10179186220522281
2 0.07291611830393474 0.3504964899133753 0.09476307233174643 0.11672010068540221
0 0.12051808834075928 0.5318627534089265 0.08028788566589355 0.1228567052770544
2 0.24817535877227784 0.33525543212890624 0.10866007804870606 0.1538180881076389
0 0.3567499670696558 0.5050823196070621 0.05319054450146412 0.15123948592952496
0 0.3006332313726126 0.49825369733170183 0.05222752638294341 0.15310257007925573
2 0.4769499107866258 0.31951424451280463 0.09008062224282808 0.10851686867420779
2 0.4017329692840576 0.16460796638771338 0.07615118026733399 0.08629962779857495
2 0.8226128322468947 0.38798927122611476 0.05210456848144531 0.08851606580946181
0 0.8773075103759765 0.5006140956172237 0.06084251403808594 0.09137186121057579
0 0.6108615239461263 0.4657463073730469 0.09912986755371093 0.13475494384765624
