2 0.7058412551879882 0.3536476700394242 0.08192660013834635 0.11671702067057294
0 0.7691433588663737 0.4696338370994285 0.08175621032714844 0.10330186066804109
0 0.12083091735839843 0.5312474568684896 0.08191728591918945 0.12309095594618055
2 0.07888364056056728 0.336663688127509 0.10287793595206725 0.13977127690253408
2 0.24855408668518067 0.3324397475631149 0.11078176498413086 0.15061750058774595
0 0.2987125420796006 0.5092725997801794 0.054369383530160534 0.17281644321766548
0 0.3563998891226753 0.511218141604144 0.05438139762036056 0.15418509122213628
2 0.475381869246907 0.315031448415067 0.0936370849609375 0.11550237867567273
2 0.8244264767122318 0.3894665006416286 0.052000808715820315 0.09229007297092014
0 0.6142506917317708 0.46214302910698785 0.09327494303385415 0.13005727132161457
0 0.8832807570977917 0.4977216964598668 0.05362776025236585 0.07570977917981075
