1 0.5373318672180176 0.37532875272962785 0.061069297790527347 0.1530856450398763
1 0.40213465690612793 0.34035914738972983 0.03497190475463867 0.15055578019883897
2 0.6096782207489013 0.4233702341715495 0.06519145965576172 0.11706008911132812
1 0.3561817169189453 0.5396857367621527 0.09675264358520508 0.3528008355034722
1 0.36342034339904783 0.36352266735500754 0.04503555297851562 0.09356827206081814
2 0.6944225557971077 0.5420201952399768 0.0988631708764883 0.15571321152487497
0 0.5364959716796875 0.478862296210395 0.07868690490722656 0.08442942301432294
0 0.6606361999872732 0.796337845498455 0.14167461395263672 0.15242678324381512
0 0.5713927462273968 0.6140123150033614 0.06894926001972959 0.07040119458615397
0 0.5504731861198738 0.555205047318612 0.053627760252365986 0.03925692253767963
