0 0.128928804397583 0.4832775822392216 0.08217547734578451 0.11705373128255209
2 0.2918435335159302 0.29444580078125 0.09988493919372558 0.12288123236762152
0 0.8413162549336752 0.47792217113353586 0.08505242665608724 0.12553564001012732
0 0.045425398151079814 0.47902815077039934 0.08143844803174337 0.12263963487413194
2 0.552224049984343 0.29378367529975047 0.12603032195355007 0.13057755364312065
2 0.029772069351404876 0.35173802969123946 0.059544138702809744 0.08975871554433847
2 0.11391864477271912 0.3388821410999104 0.07740664482116699 0.10629378424750432
0 0.6151531219482422 0.5088808271620009 0.101434326171875 0.17500534057617187
0 0.38161066759271955 0.4699605017625392 0.06211839730055174 0.1305783751913706
2 0.946288168392723 0.38280474946576587 0.04548072814941406 0.09316762288411456
2 0.7508086893460728 0.32290458826278323 0.07685900025312573 0.10266393123768895
