1 0.7465252876281738 0.4571503109402127 0.12301883697509766 0.6043744405110677
1 0.5922976493835449 0.5693576388888889 0.15085391998291015 0.5534193250868056
1 0.0977288842201233 0.8240627147533276 0.1952575445175171 0.35032585991753473
1 0.9514589309692383 0.519560609040437 0.09656524658203125 0.43642719410083913
2 0.11880938212076822 0.3324958518699363 0.07896938323974609 0.096148681640625
1 0.07770674228668213 0.5127674950493707 0.10702743530273437 0.40403450859917533
0 0.1300496856371562 0.46763863740143946 0.08417311509450277 0.11313761958369502
2 0.2918907483418782 0.2919345714427807 0.09767799377441407 0.11370821352358218
0 0.8424112319946289 0.4835204371699581 0.07194175720214843 0.09393482914677373
2 0.3130764643351237 0.16233901977539061 0.074371337890625 0.09642791748046875
0 0.3107004278967183 0.43293003813659703 0.0676411764102777 0.1456745288990162
0 0.38801261829652994 0.4486505432877672 0.06624605678233436 0.16263582194181572
2 0.556782334384858 0.2986330178759201 0.12302839116719255 0.11496670171749038
