2 0.0804124883484765 0.3414980343171182 0.10545185638903065 0.13431316259406223
2 0.7119760513305664 0.3589609640615958 0.08912811279296876 0.10998114126699943
0 0.8826845169067383 0.4976081848144531 0.06784133911132813 0.08613761619285301
2 0.8206485676088543 0.38644285339077356 0.045612335205078125 0.08331157543041089
0 0.1057698189648168 0.5095439971057398 0.055853985887722016 0.15280618811338942
2 0.48773984252215696 0.3168795267740883 0.13168617041955863 0.11410793728298603
0 0.2989548086744003 0.49922541312935165 0.06983003601290817 0.12598273554393152
2 0.24611887137095134 0.33426137853551796 0.10595320065816244 0.13822140163845487
1 0.5804734859807509 0.4699959479170516 0.06695875996169498 0.14598937490886477
0 0.7752091396744945 0.4921686686593691 0.06195634426754746 0.11485259052414286
1 0.6443217665615143 0.4907115317209954 0.042586750788643574 0.14581142656852442
