2 0.6044738871818086 0.4216963873969184 0.04874284605874653 0.11275838216145831
2 0.6957040598715891 0.562648425016995 0.08374269016157461 0.16348549982893915
0 0.5773751735687257 0.6352272881401909 0.08593502044677734 0.1029876708984375
0 0.5496977806091309 0.5517546759711371 0.06302242279052735 0.07196629842122396
2 0.3151534922867544 0.43221224073857284 0.039482462368553 0.07632509559821223
0 0.6498422712933754 0.7725201542236243 0.10725552050473183 0.10375043813529615
0 0.37381703470031546 0.4178058184367333 0.034700315457413214 0.03364879074658255
0 0.5354889589905363 0.46547493866105855 0.06466876971608841 0.061689449702068015
0 0.5181388012618297 0.3995793901156677 0.04258675078864343 0.04766912022432528
2 0.5733438485804416 0.3771468629512793 0.026813880126183066 0.06449351559761653
