1 0.4882896423339844 0.5155129891854745 0.1489679972330729 0.5493175365306713
1 0.7344758033752441 0.485142743145978 0.10072867075602215 0.5545553701895255
1 0.06516671180725098 0.5185688018798829 0.11830558776855468 0.45302183363172743
2 0.2816308895746867 0.307490963406033 0.10473316510518392 0.12259425410517939
2 0.1290865381558736 0.33539189939145686 0.06318369706471762 0.10615389788592303
1 0.9368047714233398 0.561503247861509 0.12623977661132812 0.41318644770869495
0 0.8377552350362143 0.4905140346950955 0.07587197621663412 0.12558508978949653
0 0.133324401411223 0.49276639143013057 0.0512297782236095 0.14017610707033937
2 0.580807889824034 0.30705741671065157 0.08073063077234693 0.10218726264105901
0 0.6261829652996844 0.4710830704521557 0.07255520504731855 0.14020329477742727
0 0.3422712933753943 0.4668769716088328 0.06309148264984227 0.14300736067297593
