1 0.7469563166300456 0.46792582759150747 0.10879453023274738 0.5503229777018229
1 0.9356637954711914 0.5196409861246746 0.1285259246826172 0.468446773952908
1 0.4843958854675293 0.48961770799424914 0.12369124094645184 0.5652768452962239
2 0.2859970490137736 0.3071384571216724 0.10789202054341634 0.12067396375868056
2 0.1072498083114624 0.33858450430410886 0.06067214012145996 0.09717678493923611
1 0.07757385347418479 0.5101250401249637 0.12083540411526973 0.45050390738028073
1 0.2091080745061239 0.11065205468071831 0.02811144193013509 0.0944493187798394
0 0.14717788865513604 0.472189652221979 0.06362704200323446 0.1687625947852663
0 0.6171708424886068 0.4462934423376014 0.12921727498372396 0.19349280463324653
0 0.8473347981770832 0.4960721333821614 0.06841278076171875 0.09726003011067709
0 0.32488393422556977 0.4708051500343832 0.05896754761223537 0.1580706944350317
0 0.39274447949526814 0.4766912022432528 0.053627760252365916 0.1514195583596215
