1 0.8974615732828777 0.8181426154242621 0.20467605590820312 0.3564556545681424
1 0.847069102105783 0.3971893472333894 0.08812370781642652 0.2132963716043659
1 0.938189125061035 0.5211977640787758 0.08220443725585919 0.3041227552625867
1 0.04924737910429636 0.5493411593967015 0.09802382191022235 0.5381066216362848
1 0.20175156593322754 0.5195956477412471 0.1441817283630371 0.5216528433340567
2 0.49313508669535316 0.31804521348741316 0.12572730382283528 0.13862389458550348
2 0.4016389846801758 0.16685076819525826 0.06859970092773438 0.07119907803005643
2 0.7117588350073396 0.35630069308810747 0.09402548251467932 0.10777407045717585
2 0.0753576139609019 0.34560609040436924 0.08595351775487264 0.10558844672309028
0 0.29929603672930116 0.496459864622968 0.06138110035476138 0.16898157142258555
0 0.0927722970268578 0.4780737407910295 0.06637541327692109 0.12013702392578124
0 0.581230283911672 0.4682790045566071 0.07097791798107252 0.1345951629863302
1 0.7783911671924293 0.5888538380651935 0.14037854889589912 0.3869610935856974
