1 0.1072812557220459 0.8664713259096498 0.2145625114440918 0.25795519793475113
1 0.07681863208611807 0.47358199225531683 0.0946755588054657 0.46343137953016494
1 0.47755052248636887 0.4518761105007596 0.13806072870890299 0.4646380106608073
2 0.1229609029526214 0.3358110922354237 0.07864675183401497 0.11737419410988131
2 0.28966774940490725 0.29872528358742045 0.10593843460083008 0.11863293117947048
0 0.8580092234566379 0.5034612646502918 0.055046491893684886 0.12038110607569266
0 0.612692538621423 0.4423937632082386 0.06881737072259715 0.1431501600477434
2 0.7561531202274164 0.32379887591233975 0.08194378452722229 0.13118759647319914
0 0.32713032611161 0.43239276082399536 0.05162420603755122 0.10465063983584255
0 0.3840694006309148 0.45986680686996145 0.045741324921135626 0.1289870311952332
0 0.11593059936908517 0.47388713634770396 0.03943217665615135 0.07851384507535972
0 0.1419558359621451 0.499123729407641 0.044164037854889635 0.07851384507535915
